		fasta_entry_index	fasta_entry_header	chain_id	evalue	bitscore	sstart	send	Z-score	rmsd	lali	nres	perc_id	pdb_descr	query_id	sbjct_id	pair_SPS
1	0	(452, 450)	('1wgta4', '1wgta1')	('8VU8:A', '2X52:A')	(1.2399999999999999e-28, 5.830000000000001e-29)	(97.8, 102.0)	(2, 2)	(43, 43)	6.5	1.6	43	171	56	MOLECULE: AGGLUTININ ISOLECTIN 3	8VU8A	2X52A	0.0
2	0	(34, 450)	('1hev', '1wgta1')	('4WP4:A', '2X52:A')	(1.14e-31, 5.830000000000001e-29)	(105.0, 102.0)	(1, 2)	(43, 43)	7.6	1.1	41	171	51	MOLECULE: AGGLUTININ ISOLECTIN 3	4WP4A	2X52A	0.9024390243902439
2	1	(34, 452)	('1hev', '1wgta4')	('4WP4:A', '8VU8:A')	(1.14e-31, 1.2399999999999999e-28)	(105.0, 97.8)	(1, 2)	(43, 43)	5.9	1.4	41	43	51	MOLECULE: AGGLUTININ ISOLECTIN 3	4WP4A	8VU8A	0.9024390243902439
