		fasta_entry_index	fasta_entry_header	chain_id	evalue	bitscore	sstart	send	Z-score	rmsd	lali	nres	perc_id	pdb_descr	query_id	sbjct_id	pair_SPS
1	0	(17, 266)	('1igl', '2gf1')	('2L29:B', '1BQT:A')	(1.09e-46, 2.05e-50)	(145.0, 154.0)	(1, 1)	(67, 70)	NA	NA	NA	NA	NA	NA	NA	NA	1.0
