		fasta_entry_index	fasta_entry_header	chain_id	evalue	bitscore	sstart	send	Z-score	rmsd	lali	nres	perc_id	pdb_descr	query_id	sbjct_id	pair_SPS
26	21	(552, 78)	('4tsva', 'Q0X0E6_MOUSE/8-138')	('5TSW:F', '7KP7:C')	(6.62e-106, 6.15e-93)	(301.0, 267.0)	(2, 18)	(148, 148)	24.4	1.4	147	148	80	MOLECULE: TUMOR NECROSIS FACTOR	5TSWF	7KP7C	0.9465648854961832
18	17	(101, 436)	('Q6FG55_HUMAN/77-205', 'Q7TS55_MOUSE/61-166')	('1TNR:A', '7KHX:B')	(1.66e-91, 4.13e-77)	(263.0, 225.0)	(16, 12)	(144, 117)	11.4	2.3	108	124	14	MOLECULE: TUMOR NECROSIS FACTOR LIGAND SUPERFAMILY MEMBER 1          	1TNRA	7KHXB	0.8857142857142857
27	4	(418, 512)	('CD40L_HUMAN/138-261', 'TNF15_HUMAN/117-251')	('1ALY:A', '2RE9:C')	(2.69e-87, 9.56e-97)	(253.0, 278.0)	(23, 30)	(146, 164)	19.5	2.1	140	164	27	MOLECULE: TNF SUPERFAMILY LIGAND TL1A	1ALYA	2RE9C	0.8541666666666666
8	0	(484, 166)	('CD70_HUMAN/73-191', 'Q1L8A5_DANRE/102-234')	('7KX0:C', '7DOV:C')	(1.65e-83, 2.4199999999999997e-95)	(243.0, 273.0)	(20, 16)	(138, 148)	15.4	2.6	127	148	28	MOLECULE: LYMPHOTOXIN-ALPHA	7KX0C	7DOVC	0.8888888888888888
19	0	(442, 166)	('TNF18_HUMAN/67-170', 'Q1L8A5_DANRE/102-234')	('3B93:A', '7DOV:C')	(2.0499999999999998e-74, 2.4199999999999997e-95)	(218.0, 273.0)	(13, 16)	(116, 148)	10.3	2.7	104	148	15	MOLECULE: LYMPHOTOXIN-ALPHA	3B93A	7DOVC	0.7538461538461538
27	13	(418, 12)	('CD40L_HUMAN/138-261', 'TNFA_CANFA/102-233')	('1ALY:A', '8KB6:A')	(2.69e-87, 7.799999999999999e-94)	(253.0, 270.0)	(23, 17)	(146, 148)	18.8	2.0	136	148	26	MOLECULE: TUMOR NECROSIS FACTOR	1ALYA	8KB6A	0.8672566371681416
19	9	(442, 460)	('TNF18_HUMAN/67-170', 'Q3U1Z9_MOUSE/164-302')	('3B93:A', '6MKB:C')	(2.0499999999999998e-74, 8.9e-101)	(218.0, 288.0)	(13, 20)	(116, 158)	9.3	3.1	107	165	15	MOLECULE: TUMOR NECROSIS FACTOR LIGAND SUPERFAMILY MEMBER 9          	3B93A	6MKBC	0.49122807017543857
11	5	(437, 529)	('Q80YG2_MOUSE/61-166', 'TNFA_PANTR/101-232')	('2Q8O:B', '5YOY:C')	(3.01e-77, 1.36e-93)	(226.0, 269.0)	(13, 21)	(118, 152)	11.9	2.2	111	154	22	MOLECULE: TUMOR NECROSIS FACTOR	2Q8OB	5YOYC	0.8571428571428571
19	18	(442, 101)	('TNF18_HUMAN/67-170', 'Q6FG55_HUMAN/77-205')	('3B93:A', '1TNR:A')	(2.0499999999999998e-74, 1.66e-91)	(218.0, 263.0)	(13, 16)	(116, 144)	10.8	2.6	104	144	13	MOLECULE: TUMOR NECROSIS FACTOR BETA	3B93A	1TNRA	0.7272727272727273
4	2	(512, 462)	('TNF15_HUMAN/117-251', 'TNFL9_HUMAN/107-240')	('2RE9:C', '6CU0:A')	(9.56e-97, 7.7700000000000025e-75)	(278.0, 222.0)	(30, 17)	(164, 150)	14.2	2.7	132	152	18	MOLECULE: TUMOR NECROSIS FACTOR LIGAND SUPERFAMILY MEMBER 9          	2RE9C	6CU0A	0.8556701030927835
22	10	(309, 555)	('TN13B_HUMAN/168-284', '1tnra')	('4ZCH:B', '1TNR:A')	(1.4500000000000001e-77, 1.36e-103)	(238.0, 295.0)	(170, 1)	(286, 144)	16.3	1.8	122	144	25	MOLECULE: TUMOR NECROSIS FACTOR BETA	4ZCHB	1TNRA	0.0
22	19	(309, 442)	('TN13B_HUMAN/168-284', 'TNF18_HUMAN/67-170')	('4ZCH:B', '3B93:A')	(1.4500000000000001e-77, 2.0499999999999998e-74)	(238.0, 218.0)	(170, 13)	(286, 116)	12.4	2.6	106	123	16	MOLECULE: TUMOR NECROSIS FACTOR LIGAND SUPERFAMILY MEMBER 1          	4ZCHB	3B93A	0.0
26	7	(552, 366)	('4tsva', 'D2H891_AILME/97-210')	('5TSW:F', '1RJ7:E')	(6.62e-106, 2.89e-80)	(301.0, 234.0)	(2, 31)	(148, 144)	13.9	2.2	121	149	21	MOLECULE: ECTODYSPLASIN A	5TSWF	1RJ7E	0.8494623655913979
15	7	(467, 366)	('B6DXE3_MOUSE/77-183', 'D2H891_AILME/97-210')	('2HEY:F', '1RJ7:E')	(2.08e-75, 2.89e-80)	(221.0, 234.0)	(21, 31)	(127, 144)	10.6	2.7	113	149	13	MOLECULE: ECTODYSPLASIN A	2HEYF	1RJ7E	0.7638888888888888
18	3	(101, 331)	('Q6FG55_HUMAN/77-205', 'Q5F2A4_MOUSE/128-240')	('1TNR:A', '1XU1:D')	(1.66e-91, 1.59e-81)	(263.0, 237.0)	(16, 25)	(144, 137)	15.5	1.9	122	137	24	MOLECULE: TUMOR NECROSIS FACTOR LIGAND SUPERFAMILY MEMBER 1          	1TNRA	1XU1D	0.8969072164948454
7	3	(366, 331)	('D2H891_AILME/97-210', 'Q5F2A4_MOUSE/128-240')	('1RJ7:E', '1XU1:D')	(2.89e-80, 1.59e-81)	(234.0, 237.0)	(31, 25)	(144, 137)	16.4	1.8	126	137	28	MOLECULE: TUMOR NECROSIS FACTOR LIGAND SUPERFAMILY MEMBER 1          	1RJ7E	1XU1D	0.8645833333333334
26	16	(552, 532)	('4tsva', 'O97543_AOTNA/19-149')	('5TSW:F', '5YOY:C')	(6.62e-106, 5.31e-93)	(301.0, 268.0)	(2, 21)	(148, 151)	23.9	1.1	147	154	98	MOLECULE: TUMOR NECROSIS FACTOR	5TSWF	5YOYC	1.0
18	12	(101, 232)	('Q6FG55_HUMAN/77-205', 'TNF10_HUMAN/152-280')	('1TNR:A', '1D4V:B')	(1.66e-91, 2.22e-91)	(263.0, 264.0)	(16, 34)	(144, 162)	18.7	1.7	139	163	25	MOLECULE: TNF-RELATED APOPTOSIS INDUCING LIGAND	1TNRA	1D4VB	0.9555555555555556
26	25	(552, 14)	('4tsva', 'Q95LE8_CANFA/27-99')	('5TSW:F', '8KB6:A')	(6.62e-106, 1.6099999999999998e-45)	(301.0, 145.0)	(2, 17)	(148, 89)	24.3	1.2	146	148	92	MOLECULE: TUMOR NECROSIS FACTOR	5TSWF	8KB6A	0.9863013698630136
27	8	(418, 484)	('CD40L_HUMAN/138-261', 'CD70_HUMAN/73-191')	('1ALY:A', '7KX0:C')	(2.69e-87, 1.65e-83)	(253.0, 243.0)	(23, 20)	(146, 138)	16.9	2.2	130	140	22	MOLECULE: CD70 ANTIGEN	1ALYA	7KX0C	0.8137254901960784
29	27	(258, 418)	('Q54A98_HUMAN/112-240', 'CD40L_HUMAN/138-261')	('5BNQ:A', '1ALY:A')	(3.83e-95, 2.69e-87)	(273.0, 253.0)	(24, 23)	(152, 146)	17.6	2.2	137	146	27	MOLECULE: CD40 LIGAND	5BNQA	1ALYA	0.831858407079646
19	4	(442, 512)	('TNF18_HUMAN/67-170', 'TNF15_HUMAN/117-251')	('3B93:A', '2RE9:C')	(2.0499999999999998e-74, 9.56e-97)	(218.0, 278.0)	(13, 30)	(116, 164)	10.8	2.7	107	164	21	MOLECULE: TNF SUPERFAMILY LIGAND TL1A	3B93A	2RE9C	0.8604651162790697
8	4	(484, 512)	('CD70_HUMAN/73-191', 'TNF15_HUMAN/117-251')	('7KX0:C', '2RE9:C')	(1.65e-83, 9.56e-97)	(243.0, 278.0)	(20, 30)	(138, 164)	16.4	2.0	127	164	25	MOLECULE: TNF SUPERFAMILY LIGAND TL1A	7KX0C	2RE9C	0.8846153846153846
11	0	(437, 166)	('Q80YG2_MOUSE/61-166', 'Q1L8A5_DANRE/102-234')	('2Q8O:B', '7DOV:C')	(3.01e-77, 2.4199999999999997e-95)	(226.0, 273.0)	(13, 16)	(118, 148)	11.5	2.3	105	148	12	MOLECULE: LYMPHOTOXIN-ALPHA	2Q8OB	7DOVC	0.8823529411764706
11	9	(437, 460)	('Q80YG2_MOUSE/61-166', 'Q3U1Z9_MOUSE/164-302')	('2Q8O:B', '6MKB:C')	(3.01e-77, 8.9e-101)	(226.0, 288.0)	(13, 20)	(118, 158)	9.6	2.9	108	165	11	MOLECULE: TUMOR NECROSIS FACTOR LIGAND SUPERFAMILY MEMBER 9          	2Q8OB	6MKBC	0.5757575757575758
25	11	(14, 437)	('Q95LE8_CANFA/27-99', 'Q80YG2_MOUSE/61-166')	('8KB6:A', '2Q8O:B')	(1.6099999999999998e-45, 3.01e-77)	(145.0, 226.0)	(17, 13)	(89, 118)	11.8	2.1	107	125	22	MOLECULE: GITR LIGAND	8KB6A	2Q8OB	0.9056603773584906
25	20	(14, 486)	('Q95LE8_CANFA/27-99', 'B4DPR8_HUMAN/73-150')	('8KB6:A', '7KX0:C')	(1.6099999999999998e-45, 3.0899999999999997e-52)	(145.0, 162.0)	(17, 20)	(89, 97)	14.9	2.4	124	140	22	MOLECULE: CD70 ANTIGEN	8KB6A	7KX0C	0.8870967741935484
22	5	(309, 529)	('TN13B_HUMAN/168-284', 'TNFA_PANTR/101-232')	('4ZCH:B', '5YOY:C')	(1.4500000000000001e-77, 1.36e-93)	(238.0, 269.0)	(170, 21)	(286, 152)	15.1	2.1	123	154	28	MOLECULE: TUMOR NECROSIS FACTOR	4ZCHB	5YOYC	0.0
3	1	(331, 553)	('Q5F2A4_MOUSE/128-240', '2tnfa')	('1XU1:D', '7KP7:C')	(1.59e-81, 4.6899999999999995e-106)	(237.0, 301.0)	(25, 1)	(137, 148)	14.8	2.1	122	148	25	MOLECULE: TUMOR NECROSIS FACTOR	1XU1D	7KP7C	0.8586956521739131
14	1	(254, 553)	('Q059M3_MOUSE/184-312', '2tnfa')	('1IQA:C', '7KP7:C')	(5.45e-95, 4.6899999999999995e-106)	(273.0, 301.0)	(24, 1)	(152, 148)	18.7	1.9	137	148	26	MOLECULE: TUMOR NECROSIS FACTOR	1IQAC	7KP7C	0.9473684210526315
22	14	(309, 254)	('TN13B_HUMAN/168-284', 'Q059M3_MOUSE/184-312')	('4ZCH:B', '1IQA:C')	(1.4500000000000001e-77, 5.45e-95)	(238.0, 273.0)	(170, 24)	(286, 152)	16.9	1.8	127	156	17	MOLECULE: RECEPTOR ACTIVATOR OF NUCLEAR FACTOR KAPPA B LIGA          	4ZCHB	1IQAC	0.0
14	10	(254, 555)	('Q059M3_MOUSE/184-312', '1tnra')	('1IQA:C', '1TNR:A')	(5.45e-95, 1.36e-103)	(273.0, 295.0)	(24, 1)	(152, 144)	19.3	2.1	138	144	24	MOLECULE: TUMOR NECROSIS FACTOR BETA	1IQAC	1TNRA	0.9181818181818182
26	2	(552, 462)	('4tsva', 'TNFL9_HUMAN/107-240')	('5TSW:F', '6CU0:A')	(6.62e-106, 7.7700000000000025e-75)	(301.0, 222.0)	(2, 17)	(148, 150)	13.2	3.0	129	152	17	MOLECULE: TUMOR NECROSIS FACTOR LIGAND SUPERFAMILY MEMBER 9          	5TSWF	6CU0A	0.853448275862069
15	2	(467, 462)	('B6DXE3_MOUSE/77-183', 'TNFL9_HUMAN/107-240')	('2HEY:F', '6CU0:A')	(2.08e-75, 7.7700000000000025e-75)	(221.0, 222.0)	(21, 17)	(127, 150)	10.5	2.7	110	152	13	MOLECULE: TUMOR NECROSIS FACTOR LIGAND SUPERFAMILY MEMBER 9          	2HEYF	6CU0A	0.8181818181818182
15	11	(467, 437)	('B6DXE3_MOUSE/77-183', 'Q80YG2_MOUSE/61-166')	('2HEY:F', '2Q8O:B')	(2.08e-75, 3.01e-77)	(221.0, 226.0)	(21, 13)	(127, 118)	10.1	2.8	107	125	13	MOLECULE: GITR LIGAND	2HEYF	2Q8OB	0.7857142857142857
26	11	(552, 437)	('4tsva', 'Q80YG2_MOUSE/61-166')	('5TSW:F', '2Q8O:B')	(6.62e-106, 3.01e-77)	(301.0, 226.0)	(2, 13)	(148, 118)	11.7	2.2	108	125	21	MOLECULE: GITR LIGAND	5TSWF	2Q8OB	0.8571428571428571
18	7	(101, 366)	('Q6FG55_HUMAN/77-205', 'D2H891_AILME/97-210')	('1TNR:A', '1RJ7:E')	(1.66e-91, 2.89e-80)	(263.0, 234.0)	(16, 31)	(144, 144)	14.5	1.9	120	149	25	MOLECULE: ECTODYSPLASIN A	1TNRA	1RJ7E	0.90625
26	20	(552, 486)	('4tsva', 'B4DPR8_HUMAN/73-150')	('5TSW:F', '7KX0:C')	(6.62e-106, 3.0899999999999997e-52)	(301.0, 162.0)	(2, 20)	(148, 97)	14.4	2.3	121	140	20	MOLECULE: CD70 ANTIGEN	5TSWF	7KX0C	0.8142857142857143
18	16	(101, 532)	('Q6FG55_HUMAN/77-205', 'O97543_AOTNA/19-149')	('1TNR:A', '5YOY:C')	(1.66e-91, 5.31e-93)	(263.0, 268.0)	(16, 21)	(144, 151)	21.2	1.4	138	154	36	MOLECULE: TUMOR NECROSIS FACTOR	1TNRA	5YOYC	0.9369369369369369
29	13	(258, 12)	('Q54A98_HUMAN/112-240', 'TNFA_CANFA/102-233')	('5BNQ:A', '8KB6:A')	(3.83e-95, 7.799999999999999e-94)	(273.0, 270.0)	(24, 17)	(152, 148)	18.5	2.1	139	148	23	MOLECULE: TUMOR NECROSIS FACTOR	5BNQA	8KB6A	0.9043478260869565
29	22	(258, 309)	('Q54A98_HUMAN/112-240', 'TN13B_HUMAN/168-284')	('5BNQ:A', '4ZCH:B')	(3.83e-95, 1.4500000000000001e-77)	(273.0, 238.0)	(24, 170)	(152, 286)	16.7	2.0	128	419	18	MOLECULE: TUMOR NECROSIS FACTOR LIGAND SUPERFAMILY MEMBER 1          	5BNQA	4ZCHB	0.0
21	18	(78, 101)	('Q0X0E6_MOUSE/8-138', 'Q6FG55_HUMAN/77-205')	('7KP7:C', '1TNR:A')	(6.15e-93, 1.66e-91)	(267.0, 263.0)	(18, 16)	(148, 144)	21.5	1.2	137	144	37	MOLECULE: TUMOR NECROSIS FACTOR BETA	7KP7C	1TNRA	0.9487179487179487
11	4	(437, 512)	('Q80YG2_MOUSE/61-166', 'TNF15_HUMAN/117-251')	('2Q8O:B', '2RE9:C')	(3.01e-77, 9.56e-97)	(226.0, 278.0)	(13, 30)	(118, 164)	11.8	2.2	108	164	22	MOLECULE: TNF SUPERFAMILY LIGAND TL1A	2Q8OB	2RE9C	0.9347826086956522
10	8	(555, 484)	('1tnra', 'CD70_HUMAN/73-191')	('1TNR:A', '7KX0:C')	(1.36e-103, 1.65e-83)	(295.0, 243.0)	(1, 20)	(144, 138)	15.4	2.0	119	140	24	MOLECULE: CD70 ANTIGEN	1TNRA	7KX0C	0.94
25	6	(14, 271)	('Q95LE8_CANFA/27-99', 'TNF14_HUMAN/112-240')	('8KB6:A', '4RSU:H')	(1.6099999999999998e-45, 6.06e-93)	(145.0, 267.0)	(17, 22)	(89, 150)	19.2	2.0	142	150	26	MOLECULE: TUMOR NECROSIS FACTOR LIGAND SUPERFAMILY MEMBER 1          	8KB6A	4RSUH	0.967741935483871
25	15	(14, 467)	('Q95LE8_CANFA/27-99', 'B6DXE3_MOUSE/77-183')	('8KB6:A', '2HEY:F')	(1.6099999999999998e-45, 2.08e-75)	(145.0, 221.0)	(17, 21)	(89, 127)	9.8	2.4	102	135	17	MOLECULE: TUMOR NECROSIS FACTOR LIGAND SUPERFAMILY MEMBER 4          	8KB6A	2HEYF	0.8627450980392157
25	24	(14, 556)	('Q95LE8_CANFA/27-99', '1aly')	('8KB6:A', '1ALY:A')	(1.6099999999999998e-45, 4.53e-103)	(145.0, 293.0)	(17, 1)	(89, 146)	18.8	2.0	136	146	26	MOLECULE: CD40 LIGAND	8KB6A	1ALYA	0.8461538461538461
22	0	(309, 166)	('TN13B_HUMAN/168-284', 'Q1L8A5_DANRE/102-234')	('4ZCH:B', '7DOV:C')	(1.4500000000000001e-77, 2.4199999999999997e-95)	(238.0, 273.0)	(170, 16)	(286, 148)	15.6	1.9	123	148	31	MOLECULE: LYMPHOTOXIN-ALPHA	4ZCHB	7DOVC	0.0
22	9	(309, 460)	('TN13B_HUMAN/168-284', 'Q3U1Z9_MOUSE/164-302')	('4ZCH:B', '6MKB:C')	(1.4500000000000001e-77, 8.9e-101)	(238.0, 288.0)	(170, 20)	(286, 158)	12.7	3.1	123	165	15	MOLECULE: TUMOR NECROSIS FACTOR LIGAND SUPERFAMILY MEMBER 9          	4ZCHB	6MKBC	0.0
14	5	(254, 529)	('Q059M3_MOUSE/184-312', 'TNFA_PANTR/101-232')	('1IQA:C', '5YOY:C')	(5.45e-95, 1.36e-93)	(273.0, 269.0)	(24, 21)	(152, 152)	18.6	2.0	141	154	22	MOLECULE: TUMOR NECROSIS FACTOR	1IQAC	5YOYC	0.9186991869918699
22	18	(309, 101)	('TN13B_HUMAN/168-284', 'Q6FG55_HUMAN/77-205')	('4ZCH:B', '1TNR:A')	(1.4500000000000001e-77, 1.66e-91)	(238.0, 263.0)	(170, 16)	(286, 144)	16.3	1.8	122	144	25	MOLECULE: TUMOR NECROSIS FACTOR BETA	4ZCHB	1TNRA	0.0
26	6	(552, 271)	('4tsva', 'TNF14_HUMAN/112-240')	('5TSW:F', '4RSU:H')	(6.62e-106, 6.06e-93)	(301.0, 267.0)	(2, 22)	(148, 150)	18.6	2.2	141	150	28	MOLECULE: TUMOR NECROSIS FACTOR LIGAND SUPERFAMILY MEMBER 1          	5TSWF	4RSUH	0.9916666666666667
15	6	(467, 271)	('B6DXE3_MOUSE/77-183', 'TNF14_HUMAN/112-240')	('2HEY:F', '4RSU:H')	(2.08e-75, 6.06e-93)	(221.0, 267.0)	(21, 22)	(127, 150)	10.8	2.1	107	150	13	MOLECULE: TUMOR NECROSIS FACTOR LIGAND SUPERFAMILY MEMBER 1          	2HEYF	4RSUH	0.8169014084507042
28	25	(190, 14)	('TNFL6_HUMAN/160-281', 'Q95LE8_CANFA/27-99')	('4MSV:A', '8KB6:A')	(7.97e-87, 1.6099999999999998e-45)	(251.0, 145.0)	(18, 17)	(139, 89)	19.8	1.9	137	148	28	MOLECULE: TUMOR NECROSIS FACTOR	4MSVA	8KB6A	0.9428571428571428
7	2	(366, 462)	('D2H891_AILME/97-210', 'TNFL9_HUMAN/107-240')	('1RJ7:E', '6CU0:A')	(2.89e-80, 7.7700000000000025e-75)	(234.0, 222.0)	(31, 17)	(144, 150)	14.0	2.3	125	152	18	MOLECULE: TUMOR NECROSIS FACTOR LIGAND SUPERFAMILY MEMBER 9          	1RJ7E	6CU0A	0.7789473684210526
18	2	(101, 462)	('Q6FG55_HUMAN/77-205', 'TNFL9_HUMAN/107-240')	('1TNR:A', '6CU0:A')	(1.66e-91, 7.7700000000000025e-75)	(263.0, 222.0)	(16, 17)	(144, 150)	14.7	2.5	131	152	19	MOLECULE: TUMOR NECROSIS FACTOR LIGAND SUPERFAMILY MEMBER 9          	1TNRA	6CU0A	0.8125
18	11	(101, 437)	('Q6FG55_HUMAN/77-205', 'Q80YG2_MOUSE/61-166')	('1TNR:A', '2Q8O:B')	(1.66e-91, 3.01e-77)	(263.0, 226.0)	(16, 13)	(144, 118)	11.8	2.2	105	125	14	MOLECULE: GITR LIGAND	1TNRA	2Q8OB	0.8571428571428571
29	8	(258, 484)	('Q54A98_HUMAN/112-240', 'CD70_HUMAN/73-191')	('5BNQ:A', '7KX0:C')	(3.83e-95, 1.65e-83)	(273.0, 243.0)	(24, 20)	(152, 138)	17.3	2.2	131	140	19	MOLECULE: CD70 ANTIGEN	5BNQA	7KX0C	0.9354838709677419
29	17	(258, 436)	('Q54A98_HUMAN/112-240', 'Q7TS55_MOUSE/61-166')	('5BNQ:A', '7KHX:B')	(3.83e-95, 4.13e-77)	(273.0, 225.0)	(24, 12)	(152, 117)	11.1	2.5	109	124	17	MOLECULE: TUMOR NECROSIS FACTOR LIGAND SUPERFAMILY MEMBER 1          	5BNQA	7KHXB	0.8983050847457628
21	13	(78, 12)	('Q0X0E6_MOUSE/8-138', 'TNFA_CANFA/102-233')	('7KP7:C', '8KB6:A')	(6.15e-93, 7.799999999999999e-94)	(267.0, 270.0)	(18, 17)	(148, 148)	25.9	0.8	147	148	82	MOLECULE: TUMOR NECROSIS FACTOR	7KP7C	8KB6A	0.9541984732824428
29	26	(258, 552)	('Q54A98_HUMAN/112-240', '4tsva')	('5BNQ:A', '5TSW:F')	(3.83e-95, 6.62e-106)	(273.0, 301.0)	(24, 2)	(152, 148)	18.0	2.0	137	148	21	MOLECULE: PROTEIN 	5BNQA	5TSWF	0.9217391304347826
10	3	(555, 331)	('1tnra', 'Q5F2A4_MOUSE/128-240')	('1TNR:A', '1XU1:D')	(1.36e-103, 1.59e-81)	(295.0, 237.0)	(1, 25)	(144, 137)	15.5	1.9	122	137	24	MOLECULE: TUMOR NECROSIS FACTOR LIGAND SUPERFAMILY MEMBER 1          	1TNRA	1XU1D	0.8969072164948454
25	1	(14, 553)	('Q95LE8_CANFA/27-99', '2tnfa')	('8KB6:A', '7KP7:C')	(1.6099999999999998e-45, 4.6899999999999995e-106)	(145.0, 301.0)	(17, 1)	(89, 148)	25.9	0.8	147	148	82	MOLECULE: TUMOR NECROSIS FACTOR	8KB6A	7KP7C	0.958904109589041
25	10	(14, 555)	('Q95LE8_CANFA/27-99', '1tnra')	('8KB6:A', '1TNR:A')	(1.6099999999999998e-45, 1.36e-103)	(145.0, 295.0)	(17, 1)	(89, 144)	21.3	1.2	137	144	36	MOLECULE: TUMOR NECROSIS FACTOR BETA	8KB6A	1TNRA	0.9714285714285714
25	19	(14, 442)	('Q95LE8_CANFA/27-99', 'TNF18_HUMAN/67-170')	('8KB6:A', '3B93:A')	(1.6099999999999998e-45, 2.0499999999999998e-74)	(145.0, 218.0)	(17, 13)	(89, 116)	11.1	2.5	106	123	23	MOLECULE: TUMOR NECROSIS FACTOR LIGAND SUPERFAMILY MEMBER 1          	8KB6A	3B93A	0.7115384615384616
22	4	(309, 512)	('TN13B_HUMAN/168-284', 'TNF15_HUMAN/117-251')	('4ZCH:B', '2RE9:C')	(1.4500000000000001e-77, 9.56e-97)	(238.0, 278.0)	(170, 30)	(286, 164)	17.0	1.7	126	164	21	MOLECULE: TNF SUPERFAMILY LIGAND TL1A	4ZCHB	2RE9C	0.0
14	0	(254, 166)	('Q059M3_MOUSE/184-312', 'Q1L8A5_DANRE/102-234')	('1IQA:C', '7DOV:C')	(5.45e-95, 2.4199999999999997e-95)	(273.0, 273.0)	(24, 16)	(152, 148)	17.2	2.0	134	148	22	MOLECULE: LYMPHOTOXIN-ALPHA	1IQAC	7DOVC	0.9210526315789473
3	0	(331, 166)	('Q5F2A4_MOUSE/128-240', 'Q1L8A5_DANRE/102-234')	('1XU1:D', '7DOV:C')	(1.59e-81, 2.4199999999999997e-95)	(237.0, 273.0)	(25, 16)	(137, 148)	15.2	2.2	125	148	29	MOLECULE: LYMPHOTOXIN-ALPHA	1XU1D	7DOVC	0.8645833333333334
22	13	(309, 12)	('TN13B_HUMAN/168-284', 'TNFA_CANFA/102-233')	('4ZCH:B', '8KB6:A')	(1.4500000000000001e-77, 7.799999999999999e-94)	(238.0, 270.0)	(170, 17)	(286, 148)	15.7	1.9	123	148	28	MOLECULE: TUMOR NECROSIS FACTOR	4ZCHB	8KB6A	0.0
14	9	(254, 460)	('Q059M3_MOUSE/184-312', 'Q3U1Z9_MOUSE/164-302')	('1IQA:C', '6MKB:C')	(5.45e-95, 8.9e-101)	(273.0, 288.0)	(24, 20)	(152, 158)	14.6	2.8	136	165	18	MOLECULE: TUMOR NECROSIS FACTOR LIGAND SUPERFAMILY MEMBER 9          	1IQAC	6MKBC	0.5961538461538461
26	1	(552, 553)	('4tsva', '2tnfa')	('5TSW:F', '7KP7:C')	(6.62e-106, 4.6899999999999995e-106)	(301.0, 301.0)	(2, 1)	(148, 148)	24.4	1.4	147	148	80	MOLECULE: TUMOR NECROSIS FACTOR	5TSWF	7KP7C	0.8435374149659864
28	20	(190, 486)	('TNFL6_HUMAN/160-281', 'B4DPR8_HUMAN/73-150')	('4MSV:A', '7KX0:C')	(7.97e-87, 3.0899999999999997e-52)	(251.0, 162.0)	(18, 20)	(139, 97)	17.8	2.0	128	140	21	MOLECULE: CD70 ANTIGEN	4MSVA	7KX0C	0.8309859154929577
29	3	(258, 331)	('Q54A98_HUMAN/112-240', 'Q5F2A4_MOUSE/128-240')	('5BNQ:A', '1XU1:D')	(3.83e-95, 1.59e-81)	(273.0, 237.0)	(24, 25)	(152, 137)	15.8	2.1	127	137	19	MOLECULE: TUMOR NECROSIS FACTOR LIGAND SUPERFAMILY MEMBER 1          	5BNQA	1XU1D	0.8913043478260869
29	12	(258, 232)	('Q54A98_HUMAN/112-240', 'TNF10_HUMAN/152-280')	('5BNQ:A', '1D4V:B')	(3.83e-95, 2.22e-91)	(273.0, 264.0)	(24, 34)	(152, 162)	19.8	1.8	143	163	34	MOLECULE: TNF-RELATED APOPTOSIS INDUCING LIGAND	5BNQA	1D4VB	0.9903846153846154
21	8	(78, 484)	('Q0X0E6_MOUSE/8-138', 'CD70_HUMAN/73-191')	('7KP7:C', '7KX0:C')	(6.15e-93, 1.65e-83)	(267.0, 243.0)	(18, 20)	(148, 138)	15.0	2.7	126	140	23	MOLECULE: CD70 ANTIGEN	7KP7C	7KX0C	0.81
29	21	(258, 78)	('Q54A98_HUMAN/112-240', 'Q0X0E6_MOUSE/8-138')	('5BNQ:A', '7KP7:C')	(3.83e-95, 6.15e-93)	(273.0, 267.0)	(24, 18)	(152, 148)	18.5	2.1	137	148	26	MOLECULE: TUMOR NECROSIS FACTOR	5BNQA	7KP7C	0.9473684210526315
21	17	(78, 436)	('Q0X0E6_MOUSE/8-138', 'Q7TS55_MOUSE/61-166')	('7KP7:C', '7KHX:B')	(6.15e-93, 4.13e-77)	(267.0, 225.0)	(18, 12)	(148, 117)	11.2	2.1	107	124	19	MOLECULE: TUMOR NECROSIS FACTOR LIGAND SUPERFAMILY MEMBER 1          	7KP7C	7KHXB	0.9230769230769231
10	7	(555, 366)	('1tnra', 'D2H891_AILME/97-210')	('1TNR:A', '1RJ7:E')	(1.36e-103, 2.89e-80)	(295.0, 234.0)	(1, 31)	(144, 144)	14.5	1.9	120	149	25	MOLECULE: ECTODYSPLASIN A	1TNRA	1RJ7E	0.90625
25	5	(14, 529)	('Q95LE8_CANFA/27-99', 'TNFA_PANTR/101-232')	('8KB6:A', '5YOY:C')	(1.6099999999999998e-45, 1.36e-93)	(145.0, 269.0)	(17, 21)	(89, 152)	25.0	1.0	148	154	94	MOLECULE: TUMOR NECROSIS FACTOR	8KB6A	5YOYC	1.0
25	14	(14, 254)	('Q95LE8_CANFA/27-99', 'Q059M3_MOUSE/184-312')	('8KB6:A', '1IQA:C')	(1.6099999999999998e-45, 5.45e-95)	(145.0, 273.0)	(17, 24)	(89, 152)	18.6	2.1	139	156	23	MOLECULE: RECEPTOR ACTIVATOR OF NUCLEAR FACTOR KAPPA B LIGA          	8KB6A	1IQAC	0.9107142857142857
22	8	(309, 484)	('TN13B_HUMAN/168-284', 'CD70_HUMAN/73-191')	('4ZCH:B', '7KX0:C')	(1.4500000000000001e-77, 1.65e-83)	(238.0, 243.0)	(170, 20)	(286, 138)	17.0	1.8	121	140	19	MOLECULE: CD70 ANTIGEN	4ZCHB	7KX0C	0.0
14	4	(254, 512)	('Q059M3_MOUSE/184-312', 'TNF15_HUMAN/117-251')	('1IQA:C', '2RE9:C')	(5.45e-95, 9.56e-97)	(273.0, 278.0)	(24, 30)	(152, 164)	19.9	1.7	139	164	29	MOLECULE: TNF SUPERFAMILY LIGAND TL1A	1IQAC	2RE9C	0.9509803921568627
17	6	(436, 271)	('Q7TS55_MOUSE/61-166', 'TNF14_HUMAN/112-240')	('7KHX:B', '4RSU:H')	(4.13e-77, 6.06e-93)	(225.0, 267.0)	(12, 22)	(117, 150)	11.9	2.2	110	150	18	MOLECULE: TUMOR NECROSIS FACTOR LIGAND SUPERFAMILY MEMBER 1          	7KHXB	4RSUH	0.8412698412698413
28	6	(190, 271)	('TNFL6_HUMAN/160-281', 'TNF14_HUMAN/112-240')	('4MSV:A', '4RSU:H')	(7.97e-87, 6.06e-93)	(251.0, 267.0)	(18, 22)	(139, 150)	22.0	1.5	138	150	32	MOLECULE: TUMOR NECROSIS FACTOR LIGAND SUPERFAMILY MEMBER 1          	4MSVA	4RSUH	0.8691588785046729
17	15	(436, 467)	('Q7TS55_MOUSE/61-166', 'B6DXE3_MOUSE/77-183')	('7KHX:B', '2HEY:F')	(4.13e-77, 2.08e-75)	(225.0, 221.0)	(12, 21)	(117, 127)	9.8	2.6	105	135	12	MOLECULE: TUMOR NECROSIS FACTOR LIGAND SUPERFAMILY MEMBER 4          	7KHXB	2HEYF	0.8271604938271605
28	15	(190, 467)	('TNFL6_HUMAN/160-281', 'B6DXE3_MOUSE/77-183')	('4MSV:A', '2HEY:F')	(7.97e-87, 2.08e-75)	(251.0, 221.0)	(18, 21)	(139, 127)	11.5	2.3	109	135	16	MOLECULE: TUMOR NECROSIS FACTOR LIGAND SUPERFAMILY MEMBER 4          	4MSVA	2HEYF	0.8271604938271605
28	24	(190, 556)	('TNFL6_HUMAN/160-281', '1aly')	('4MSV:A', '1ALY:A')	(7.97e-87, 4.53e-103)	(251.0, 293.0)	(18, 1)	(139, 146)	20.0	1.6	134	146	24	MOLECULE: CD40 LIGAND	4MSVA	1ALYA	0.8214285714285714
29	7	(258, 366)	('Q54A98_HUMAN/112-240', 'D2H891_AILME/97-210')	('5BNQ:A', '1RJ7:E')	(3.83e-95, 2.89e-80)	(273.0, 234.0)	(24, 31)	(152, 144)	16.1	2.1	132	149	14	MOLECULE: ECTODYSPLASIN A	5BNQA	1RJ7E	0.8478260869565217
6	5	(271, 529)	('TNF14_HUMAN/112-240', 'TNFA_PANTR/101-232')	('4RSU:H', '5YOY:C')	(6.06e-93, 1.36e-93)	(267.0, 269.0)	(22, 21)	(150, 152)	19.0	2.3	145	154	28	MOLECULE: TUMOR NECROSIS FACTOR	4RSUH	5YOYC	0.9603174603174603
21	3	(78, 331)	('Q0X0E6_MOUSE/8-138', 'Q5F2A4_MOUSE/128-240')	('7KP7:C', '1XU1:D')	(6.15e-93, 1.59e-81)	(267.0, 237.0)	(18, 25)	(148, 137)	14.8	2.1	122	137	25	MOLECULE: TUMOR NECROSIS FACTOR LIGAND SUPERFAMILY MEMBER 1          	7KP7C	1XU1D	0.8586956521739131
29	16	(258, 532)	('Q54A98_HUMAN/112-240', 'O97543_AOTNA/19-149')	('5BNQ:A', '5YOY:C')	(3.83e-95, 5.31e-93)	(273.0, 268.0)	(24, 21)	(152, 151)	19.0	2.0	142	154	21	MOLECULE: TUMOR NECROSIS FACTOR	5BNQA	5YOYC	0.9098360655737705
21	12	(78, 232)	('Q0X0E6_MOUSE/8-138', 'TNF10_HUMAN/152-280')	('7KP7:C', '1D4V:B')	(6.15e-93, 2.22e-91)	(267.0, 264.0)	(18, 34)	(148, 162)	17.8	2.0	139	163	21	MOLECULE: TNF-RELATED APOPTOSIS INDUCING LIGAND	7KP7C	1D4VB	0.925531914893617
29	25	(258, 14)	('Q54A98_HUMAN/112-240', 'Q95LE8_CANFA/27-99')	('5BNQ:A', '8KB6:A')	(3.83e-95, 1.6099999999999998e-45)	(273.0, 145.0)	(24, 17)	(152, 89)	18.5	2.1	139	148	23	MOLECULE: TUMOR NECROSIS FACTOR	5BNQA	8KB6A	0.9107142857142857
10	2	(555, 462)	('1tnra', 'TNFL9_HUMAN/107-240')	('1TNR:A', '6CU0:A')	(1.36e-103, 7.7700000000000025e-75)	(295.0, 222.0)	(1, 17)	(144, 150)	14.7	2.5	131	152	19	MOLECULE: TUMOR NECROSIS FACTOR LIGAND SUPERFAMILY MEMBER 9          	1TNRA	6CU0A	0.8125
25	0	(14, 166)	('Q95LE8_CANFA/27-99', 'Q1L8A5_DANRE/102-234')	('8KB6:A', '7DOV:C')	(1.6099999999999998e-45, 2.4199999999999997e-95)	(145.0, 273.0)	(17, 16)	(89, 148)	19.3	1.9	141	148	33	MOLECULE: LYMPHOTOXIN-ALPHA	8KB6A	7DOVC	0.9859154929577465
25	9	(14, 460)	('Q95LE8_CANFA/27-99', 'Q3U1Z9_MOUSE/164-302')	('8KB6:A', '6MKB:C')	(1.6099999999999998e-45, 8.9e-101)	(145.0, 288.0)	(17, 20)	(89, 158)	13.1	2.3	128	165	17	MOLECULE: TUMOR NECROSIS FACTOR LIGAND SUPERFAMILY MEMBER 9          	8KB6A	6MKBC	0.5892857142857143
24	13	(556, 12)	('1aly', 'TNFA_CANFA/102-233')	('1ALY:A', '8KB6:A')	(4.53e-103, 7.799999999999999e-94)	(293.0, 270.0)	(1, 17)	(146, 148)	18.8	2.0	136	148	26	MOLECULE: TUMOR NECROSIS FACTOR	1ALYA	8KB6A	0.865546218487395
24	22	(556, 309)	('1aly', 'TN13B_HUMAN/168-284')	('1ALY:A', '4ZCH:B')	(4.53e-103, 1.4500000000000001e-77)	(293.0, 238.0)	(1, 170)	(146, 286)	17.8	1.7	128	419	16	MOLECULE: TUMOR NECROSIS FACTOR LIGAND SUPERFAMILY MEMBER 1          	1ALYA	4ZCHB	0.0
28	1	(190, 553)	('TNFL6_HUMAN/160-281', '2tnfa')	('4MSV:A', '7KP7:C')	(7.97e-87, 4.6899999999999995e-106)	(251.0, 301.0)	(18, 1)	(139, 148)	19.9	1.8	136	148	32	MOLECULE: TUMOR NECROSIS FACTOR	4MSVA	7KP7C	0.9107142857142857
17	1	(436, 553)	('Q7TS55_MOUSE/61-166', '2tnfa')	('7KHX:B', '7KP7:C')	(4.13e-77, 4.6899999999999995e-106)	(225.0, 301.0)	(12, 1)	(117, 148)	11.2	2.1	108	148	19	MOLECULE: TUMOR NECROSIS FACTOR	7KHXB	7KP7C	0.8714285714285714
28	10	(190, 555)	('TNFL6_HUMAN/160-281', '1tnra')	('4MSV:A', '1TNR:A')	(7.97e-87, 1.36e-103)	(251.0, 295.0)	(18, 1)	(139, 144)	20.4	1.6	134	144	31	MOLECULE: TUMOR NECROSIS FACTOR BETA	4MSVA	1TNRA	0.9298245614035088
17	10	(436, 555)	('Q7TS55_MOUSE/61-166', '1tnra')	('7KHX:B', '1TNR:A')	(4.13e-77, 1.36e-103)	(225.0, 295.0)	(12, 1)	(117, 144)	11.4	2.3	108	144	14	MOLECULE: TUMOR NECROSIS FACTOR BETA	7KHXB	1TNRA	0.8378378378378378
9	6	(460, 271)	('Q3U1Z9_MOUSE/164-302', 'TNF14_HUMAN/112-240')	('6MKB:C', '4RSU:H')	(8.9e-101, 6.06e-93)	(288.0, 267.0)	(20, 22)	(158, 150)	12.8	2.7	127	150	22	MOLECULE: TUMOR NECROSIS FACTOR LIGAND SUPERFAMILY MEMBER 1          	6MKBC	4RSUH	0.5865384615384616
28	19	(190, 442)	('TNFL6_HUMAN/160-281', 'TNF18_HUMAN/67-170')	('4MSV:A', '3B93:A')	(7.97e-87, 2.0499999999999998e-74)	(251.0, 218.0)	(18, 13)	(139, 116)	11.8	2.7	106	123	17	MOLECULE: TUMOR NECROSIS FACTOR LIGAND SUPERFAMILY MEMBER 1          	4MSVA	3B93A	0.7887323943661971
6	0	(271, 166)	('TNF14_HUMAN/112-240', 'Q1L8A5_DANRE/102-234')	('4RSU:H', '7DOV:C')	(6.06e-93, 2.4199999999999997e-95)	(267.0, 273.0)	(22, 16)	(150, 148)	18.7	2.1	141	148	23	MOLECULE: LYMPHOTOXIN-ALPHA	4RSUH	7DOVC	0.8991596638655462
29	2	(258, 462)	('Q54A98_HUMAN/112-240', 'TNFL9_HUMAN/107-240')	('5BNQ:A', '6CU0:A')	(3.83e-95, 7.7700000000000025e-75)	(273.0, 222.0)	(24, 17)	(152, 150)	15.8	2.7	138	152	17	MOLECULE: TUMOR NECROSIS FACTOR LIGAND SUPERFAMILY MEMBER 9          	5BNQA	6CU0A	0.8214285714285714
29	11	(258, 437)	('Q54A98_HUMAN/112-240', 'Q80YG2_MOUSE/61-166')	('5BNQ:A', '2Q8O:B')	(3.83e-95, 3.01e-77)	(273.0, 226.0)	(24, 13)	(152, 118)	11.7	2.5	109	125	17	MOLECULE: GITR LIGAND	5BNQA	2Q8OB	0.8983050847457628
21	7	(78, 366)	('Q0X0E6_MOUSE/8-138', 'D2H891_AILME/97-210')	('7KP7:C', '1RJ7:E')	(6.15e-93, 2.89e-80)	(267.0, 234.0)	(18, 31)	(148, 144)	14.4	2.2	122	149	21	MOLECULE: ECTODYSPLASIN A	7KP7C	1RJ7E	0.8494623655913979
21	16	(78, 532)	('Q0X0E6_MOUSE/8-138', 'O97543_AOTNA/19-149')	('7KP7:C', '5YOY:C')	(6.15e-93, 5.31e-93)	(267.0, 268.0)	(18, 21)	(148, 151)	24.8	1.1	148	154	81	MOLECULE: TUMOR NECROSIS FACTOR	7KP7C	5YOYC	0.952
10	6	(555, 271)	('1tnra', 'TNF14_HUMAN/112-240')	('1TNR:A', '4RSU:H')	(1.36e-103, 6.06e-93)	(295.0, 267.0)	(1, 22)	(144, 150)	18.9	1.9	136	150	29	MOLECULE: TUMOR NECROSIS FACTOR LIGAND SUPERFAMILY MEMBER 1          	1TNRA	4RSUH	0.9
13	8	(12, 484)	('TNFA_CANFA/102-233', 'CD70_HUMAN/73-191')	('8KB6:A', '7KX0:C')	(7.799999999999999e-94, 1.65e-83)	(270.0, 243.0)	(17, 20)	(148, 138)	14.9	2.4	124	140	22	MOLECULE: CD70 ANTIGEN	8KB6A	7KX0C	0.8484848484848485
24	8	(556, 484)	('1aly', 'CD70_HUMAN/73-191')	('1ALY:A', '7KX0:C')	(4.53e-103, 1.65e-83)	(293.0, 243.0)	(1, 20)	(146, 138)	16.9	2.2	130	140	22	MOLECULE: CD70 ANTIGEN	1ALYA	7KX0C	0.8095238095238095
24	17	(556, 436)	('1aly', 'Q7TS55_MOUSE/61-166')	('1ALY:A', '7KHX:B')	(4.53e-103, 4.13e-77)	(293.0, 225.0)	(1, 12)	(146, 117)	12.5	2.4	112	124	21	MOLECULE: TUMOR NECROSIS FACTOR LIGAND SUPERFAMILY MEMBER 1          	1ALYA	7KHXB	0.8533333333333334
16	13	(532, 12)	('O97543_AOTNA/19-149', 'TNFA_CANFA/102-233')	('5YOY:C', '8KB6:A')	(5.31e-93, 7.799999999999999e-94)	(268.0, 270.0)	(21, 17)	(151, 148)	25.0	1.0	148	148	94	MOLECULE: TUMOR NECROSIS FACTOR	5YOYC	8KB6A	1.0
28	5	(190, 529)	('TNFL6_HUMAN/160-281', 'TNFA_PANTR/101-232')	('4MSV:A', '5YOY:C')	(7.97e-87, 1.36e-93)	(251.0, 269.0)	(18, 21)	(139, 152)	19.6	1.9	136	154	29	MOLECULE: TUMOR NECROSIS FACTOR	4MSVA	5YOYC	0.897196261682243
5	3	(529, 331)	('TNFA_PANTR/101-232', 'Q5F2A4_MOUSE/128-240')	('5YOY:C', '1XU1:D')	(1.36e-93, 1.59e-81)	(269.0, 237.0)	(21, 25)	(152, 137)	14.5	2.4	124	137	27	MOLECULE: TUMOR NECROSIS FACTOR LIGAND SUPERFAMILY MEMBER 1          	5YOYC	1XU1D	0.8695652173913043
17	5	(436, 529)	('Q7TS55_MOUSE/61-166', 'TNFA_PANTR/101-232')	('7KHX:B', '5YOY:C')	(4.13e-77, 1.36e-93)	(225.0, 269.0)	(12, 21)	(117, 152)	11.4	2.4	111	154	22	MOLECULE: TUMOR NECROSIS FACTOR	7KHXB	5YOYC	0.8571428571428571
9	1	(460, 553)	('Q3U1Z9_MOUSE/164-302', '2tnfa')	('6MKB:C', '7KP7:C')	(8.9e-101, 4.6899999999999995e-106)	(288.0, 301.0)	(20, 1)	(158, 148)	13.2	2.6	129	148	19	MOLECULE: TUMOR NECROSIS FACTOR	6MKBC	7KP7C	0.5728155339805825
17	14	(436, 254)	('Q7TS55_MOUSE/61-166', 'Q059M3_MOUSE/184-312')	('7KHX:B', '1IQA:C')	(4.13e-77, 5.45e-95)	(225.0, 273.0)	(12, 24)	(117, 152)	11.3	2.4	109	156	20	MOLECULE: RECEPTOR ACTIVATOR OF NUCLEAR FACTOR KAPPA B LIGA          	7KHXB	1IQAC	0.9322033898305084
28	14	(190, 254)	('TNFL6_HUMAN/160-281', 'Q059M3_MOUSE/184-312')	('4MSV:A', '1IQA:C')	(7.97e-87, 5.45e-95)	(251.0, 273.0)	(18, 24)	(139, 152)	21.1	1.6	138	156	25	MOLECULE: RECEPTOR ACTIVATOR OF NUCLEAR FACTOR KAPPA B LIGA          	4MSVA	1IQAC	0.9223300970873787
28	23	(190, 554)	('TNFL6_HUMAN/160-281', '1d4vb')	('4MSV:A', '1D4V:B')	(7.97e-87, 1.2499999999999998e-115)	(251.0, 327.0)	(18, 1)	(139, 163)	20.3	1.3	135	163	33	MOLECULE: TNF-RELATED APOPTOSIS INDUCING LIGAND	4MSVA	1D4VB	0.8969072164948454
29	6	(258, 271)	('Q54A98_HUMAN/112-240', 'TNF14_HUMAN/112-240')	('5BNQ:A', '4RSU:H')	(3.83e-95, 6.06e-93)	(273.0, 267.0)	(24, 22)	(152, 150)	19.7	2.0	143	150	24	MOLECULE: TUMOR NECROSIS FACTOR LIGAND SUPERFAMILY MEMBER 1          	5BNQA	4RSUH	0.9090909090909091
6	4	(271, 512)	('TNF14_HUMAN/112-240', 'TNF15_HUMAN/117-251')	('4RSU:H', '2RE9:C')	(6.06e-93, 9.56e-97)	(267.0, 278.0)	(22, 30)	(150, 164)	20.5	1.5	141	164	33	MOLECULE: TNF SUPERFAMILY LIGAND TL1A	4RSUH	2RE9C	0.9504950495049505
21	2	(78, 462)	('Q0X0E6_MOUSE/8-138', 'TNFL9_HUMAN/107-240')	('7KP7:C', '6CU0:A')	(6.15e-93, 7.7700000000000025e-75)	(267.0, 222.0)	(18, 17)	(148, 150)	14.1	2.7	132	152	20	MOLECULE: TUMOR NECROSIS FACTOR LIGAND SUPERFAMILY MEMBER 9          	7KP7C	6CU0A	0.8717948717948718
20	15	(486, 467)	('B4DPR8_HUMAN/73-150', 'B6DXE3_MOUSE/77-183')	('7KX0:C', '2HEY:F')	(3.0899999999999997e-52, 2.08e-75)	(162.0, 221.0)	(20, 21)	(97, 127)	12.5	2.4	113	135	13	MOLECULE: TUMOR NECROSIS FACTOR LIGAND SUPERFAMILY MEMBER 4          	7KX0C	2HEYF	0.6666666666666666
23	20	(554, 486)	('1d4vb', 'B4DPR8_HUMAN/73-150')	('1D4V:B', '7KX0:C')	(1.2499999999999998e-115, 3.0899999999999997e-52)	(327.0, 162.0)	(1, 20)	(163, 97)	15.9	2.5	132	140	19	MOLECULE: CD70 ANTIGEN	1D4VB	7KX0C	0.864406779661017
13	3	(12, 331)	('TNFA_CANFA/102-233', 'Q5F2A4_MOUSE/128-240')	('8KB6:A', '1XU1:D')	(7.799999999999999e-94, 1.59e-81)	(270.0, 237.0)	(17, 25)	(148, 137)	15.3	1.9	122	137	27	MOLECULE: TUMOR NECROSIS FACTOR LIGAND SUPERFAMILY MEMBER 1          	8KB6A	1XU1D	0.8586956521739131
24	3	(556, 331)	('1aly', 'Q5F2A4_MOUSE/128-240')	('1ALY:A', '1XU1:D')	(4.53e-103, 1.59e-81)	(293.0, 237.0)	(1, 25)	(146, 137)	16.6	2.2	130	137	20	MOLECULE: TUMOR NECROSIS FACTOR LIGAND SUPERFAMILY MEMBER 1          	1ALYA	1XU1D	0.8921568627450981
24	12	(556, 232)	('1aly', 'TNF10_HUMAN/152-280')	('1ALY:A', '1D4V:B')	(4.53e-103, 2.22e-91)	(293.0, 264.0)	(1, 34)	(146, 162)	17.9	1.8	134	163	24	MOLECULE: TNF-RELATED APOPTOSIS INDUCING LIGAND	1ALYA	1D4VB	0.9340659340659341
13	12	(12, 232)	('TNFA_CANFA/102-233', 'TNF10_HUMAN/152-280')	('8KB6:A', '1D4V:B')	(7.799999999999999e-94, 2.22e-91)	(270.0, 264.0)	(17, 34)	(148, 162)	18.1	1.8	140	163	23	MOLECULE: TNF-RELATED APOPTOSIS INDUCING LIGAND	8KB6A	1D4VB	0.9578947368421052
16	8	(532, 484)	('O97543_AOTNA/19-149', 'CD70_HUMAN/73-191')	('5YOY:C', '7KX0:C')	(5.31e-93, 1.65e-83)	(268.0, 243.0)	(21, 20)	(151, 138)	15.1	2.2	124	140	21	MOLECULE: CD70 ANTIGEN	5YOYC	7KX0C	0.8571428571428571
24	21	(556, 78)	('1aly', 'Q0X0E6_MOUSE/8-138')	('1ALY:A', '7KP7:C')	(4.53e-103, 6.15e-93)	(293.0, 267.0)	(1, 18)	(146, 148)	18.7	2.1	137	148	25	MOLECULE: TUMOR NECROSIS FACTOR	1ALYA	7KP7C	0.8571428571428571
17	0	(436, 166)	('Q7TS55_MOUSE/61-166', 'Q1L8A5_DANRE/102-234')	('7KHX:B', '7DOV:C')	(4.13e-77, 2.4199999999999997e-95)	(225.0, 273.0)	(12, 16)	(117, 148)	10.9	2.3	106	148	12	MOLECULE: LYMPHOTOXIN-ALPHA	7KHXB	7DOVC	0.8955223880597015
28	0	(190, 166)	('TNFL6_HUMAN/160-281', 'Q1L8A5_DANRE/102-234')	('4MSV:A', '7DOV:C')	(7.97e-87, 2.4199999999999997e-95)	(251.0, 273.0)	(18, 16)	(139, 148)	18.8	1.5	131	148	31	MOLECULE: LYMPHOTOXIN-ALPHA	4MSVA	7DOVC	0.9166666666666666
28	9	(190, 460)	('TNFL6_HUMAN/160-281', 'Q3U1Z9_MOUSE/164-302')	('4MSV:A', '6MKB:C')	(7.97e-87, 8.9e-101)	(251.0, 288.0)	(18, 20)	(139, 158)	13.5	2.4	124	165	19	MOLECULE: TUMOR NECROSIS FACTOR LIGAND SUPERFAMILY MEMBER 9          	4MSVA	6MKBC	0.6236559139784946
17	9	(436, 460)	('Q7TS55_MOUSE/61-166', 'Q3U1Z9_MOUSE/164-302')	('7KHX:B', '6MKB:C')	(4.13e-77, 8.9e-101)	(225.0, 288.0)	(12, 20)	(117, 158)	9.2	2.9	109	165	11	MOLECULE: TUMOR NECROSIS FACTOR LIGAND SUPERFAMILY MEMBER 9          	7KHXB	6MKBC	0.5846153846153846
9	5	(460, 529)	('Q3U1Z9_MOUSE/164-302', 'TNFA_PANTR/101-232')	('6MKB:C', '5YOY:C')	(8.9e-101, 1.36e-93)	(288.0, 269.0)	(20, 21)	(158, 152)	13.4	2.8	132	154	17	MOLECULE: TUMOR NECROSIS FACTOR	6MKBC	5YOYC	0.5779816513761468
28	18	(190, 101)	('TNFL6_HUMAN/160-281', 'Q6FG55_HUMAN/77-205')	('4MSV:A', '1TNR:A')	(7.97e-87, 1.66e-91)	(251.0, 263.0)	(18, 16)	(139, 144)	20.4	1.6	134	144	31	MOLECULE: TUMOR NECROSIS FACTOR BETA	4MSVA	1TNRA	0.9298245614035088
27	22	(418, 309)	('CD40L_HUMAN/138-261', 'TN13B_HUMAN/168-284')	('1ALY:A', '4ZCH:B')	(2.69e-87, 1.4500000000000001e-77)	(253.0, 238.0)	(23, 170)	(146, 286)	17.8	1.7	128	419	16	MOLECULE: TUMOR NECROSIS FACTOR LIGAND SUPERFAMILY MEMBER 1          	1ALYA	4ZCHB	0.0
20	1	(486, 553)	('B4DPR8_HUMAN/73-150', '2tnfa')	('7KX0:C', '7KP7:C')	(3.0899999999999997e-52, 4.6899999999999995e-106)	(162.0, 301.0)	(20, 1)	(97, 148)	15.0	2.2	122	148	24	MOLECULE: TUMOR NECROSIS FACTOR	7KX0C	7KP7C	0.8571428571428571
20	10	(486, 555)	('B4DPR8_HUMAN/73-150', '1tnra')	('7KX0:C', '1TNR:A')	(3.0899999999999997e-52, 1.36e-103)	(162.0, 295.0)	(20, 1)	(97, 144)	15.4	2.2	121	144	24	MOLECULE: TUMOR NECROSIS FACTOR BETA	7KX0C	1TNRA	0.8507462686567164
23	6	(554, 271)	('1d4vb', 'TNF14_HUMAN/112-240')	('1D4V:B', '4RSU:H')	(1.2499999999999998e-115, 6.06e-93)	(327.0, 267.0)	(1, 22)	(163, 150)	19.5	1.8	141	150	31	MOLECULE: TUMOR NECROSIS FACTOR LIGAND SUPERFAMILY MEMBER 1          	1D4VB	4RSUH	0.8727272727272727
12	6	(232, 271)	('TNF10_HUMAN/152-280', 'TNF14_HUMAN/112-240')	('1D4V:B', '4RSU:H')	(2.22e-91, 6.06e-93)	(264.0, 267.0)	(34, 22)	(162, 150)	19.5	1.8	141	150	31	MOLECULE: TUMOR NECROSIS FACTOR LIGAND SUPERFAMILY MEMBER 1          	1D4VB	4RSUH	0.8979591836734694
20	19	(486, 442)	('B4DPR8_HUMAN/73-150', 'TNF18_HUMAN/67-170')	('7KX0:C', '3B93:A')	(3.0899999999999997e-52, 2.0499999999999998e-74)	(162.0, 218.0)	(20, 13)	(97, 116)	11.1	3.1	110	123	15	MOLECULE: TUMOR NECROSIS FACTOR LIGAND SUPERFAMILY MEMBER 1          	7KX0C	3B93A	0.75
23	15	(554, 467)	('1d4vb', 'B6DXE3_MOUSE/77-183')	('1D4V:B', '2HEY:F')	(1.2499999999999998e-115, 2.08e-75)	(327.0, 221.0)	(1, 21)	(163, 127)	10.3	2.5	110	135	15	MOLECULE: TUMOR NECROSIS FACTOR LIGAND SUPERFAMILY MEMBER 4          	1D4VB	2HEYF	0.7540983606557377
24	7	(556, 366)	('1aly', 'D2H891_AILME/97-210')	('1ALY:A', '1RJ7:E')	(4.53e-103, 2.89e-80)	(293.0, 234.0)	(1, 31)	(146, 144)	16.2	2.8	131	149	20	MOLECULE: ECTODYSPLASIN A	1ALYA	1RJ7E	0.8446601941747572
13	7	(12, 366)	('TNFA_CANFA/102-233', 'D2H891_AILME/97-210')	('8KB6:A', '1RJ7:E')	(7.799999999999999e-94, 2.89e-80)	(270.0, 234.0)	(17, 31)	(148, 144)	14.6	1.9	121	149	22	MOLECULE: ECTODYSPLASIN A	8KB6A	1RJ7E	0.8586956521739131
16	3	(532, 331)	('O97543_AOTNA/19-149', 'Q5F2A4_MOUSE/128-240')	('5YOY:C', '1XU1:D')	(5.31e-93, 1.59e-81)	(268.0, 237.0)	(21, 25)	(151, 137)	14.5	2.4	124	137	27	MOLECULE: TUMOR NECROSIS FACTOR LIGAND SUPERFAMILY MEMBER 1          	5YOYC	1XU1D	0.8695652173913043
24	16	(556, 532)	('1aly', 'O97543_AOTNA/19-149')	('1ALY:A', '5YOY:C')	(4.53e-103, 5.31e-93)	(293.0, 268.0)	(1, 21)	(146, 151)	18.2	2.1	139	154	26	MOLECULE: TUMOR NECROSIS FACTOR	1ALYA	5YOYC	0.8434782608695652
16	12	(532, 232)	('O97543_AOTNA/19-149', 'TNF10_HUMAN/152-280')	('5YOY:C', '1D4V:B')	(5.31e-93, 2.22e-91)	(268.0, 264.0)	(21, 34)	(151, 162)	17.9	2.0	141	163	23	MOLECULE: TNF-RELATED APOPTOSIS INDUCING LIGAND	5YOYC	1D4VB	0.9207920792079208
17	4	(436, 512)	('Q7TS55_MOUSE/61-166', 'TNF15_HUMAN/117-251')	('7KHX:B', '2RE9:C')	(4.13e-77, 9.56e-97)	(225.0, 278.0)	(12, 30)	(117, 164)	11.2	2.2	106	164	24	MOLECULE: TNF SUPERFAMILY LIGAND TL1A	7KHXB	2RE9C	0.9333333333333333
28	4	(190, 512)	('TNFL6_HUMAN/160-281', 'TNF15_HUMAN/117-251')	('4MSV:A', '2RE9:C')	(7.97e-87, 9.56e-97)	(251.0, 278.0)	(18, 30)	(139, 164)	21.1	1.4	136	164	35	MOLECULE: TNF SUPERFAMILY LIGAND TL1A	4MSVA	2RE9C	0.9294117647058824
5	2	(529, 462)	('TNFA_PANTR/101-232', 'TNFL9_HUMAN/107-240')	('5YOY:C', '6CU0:A')	(1.36e-93, 7.7700000000000025e-75)	(269.0, 222.0)	(21, 17)	(152, 150)	14.0	2.9	132	152	18	MOLECULE: TUMOR NECROSIS FACTOR LIGAND SUPERFAMILY MEMBER 9          	5YOYC	6CU0A	0.8482142857142857
9	0	(460, 166)	('Q3U1Z9_MOUSE/164-302', 'Q1L8A5_DANRE/102-234')	('6MKB:C', '7DOV:C')	(8.9e-101, 2.4199999999999997e-95)	(288.0, 273.0)	(20, 16)	(158, 148)	12.7	2.8	127	148	18	MOLECULE: LYMPHOTOXIN-ALPHA	6MKBC	7DOVC	0.5588235294117647
27	17	(418, 436)	('CD40L_HUMAN/138-261', 'Q7TS55_MOUSE/61-166')	('1ALY:A', '7KHX:B')	(2.69e-87, 4.13e-77)	(253.0, 225.0)	(23, 12)	(146, 117)	12.5	2.4	112	124	21	MOLECULE: TUMOR NECROSIS FACTOR LIGAND SUPERFAMILY MEMBER 1          	1ALYA	7KHXB	0.9552238805970149
19	13	(442, 12)	('TNF18_HUMAN/67-170', 'TNFA_CANFA/102-233')	('3B93:A', '8KB6:A')	(2.0499999999999998e-74, 7.799999999999999e-94)	(218.0, 270.0)	(13, 17)	(116, 148)	11.1	2.5	106	148	23	MOLECULE: TUMOR NECROSIS FACTOR	3B93A	8KB6A	0.7619047619047619
27	26	(418, 552)	('CD40L_HUMAN/138-261', '4tsva')	('1ALY:A', '5TSW:F')	(2.69e-87, 6.62e-106)	(253.0, 301.0)	(23, 2)	(146, 148)	18.1	2.1	136	148	25	MOLECULE: PROTEIN 	1ALYA	5TSWF	0.8672566371681416
20	5	(486, 529)	('B4DPR8_HUMAN/73-150', 'TNFA_PANTR/101-232')	('7KX0:C', '5YOY:C')	(3.0899999999999997e-52, 1.36e-93)	(162.0, 269.0)	(20, 21)	(97, 152)	15.1	2.1	123	154	21	MOLECULE: TUMOR NECROSIS FACTOR	7KX0C	5YOYC	0.8591549295774648
23	1	(554, 553)	('1d4vb', '2tnfa')	('1D4V:B', '7KP7:C')	(1.2499999999999998e-115, 4.6899999999999995e-106)	(327.0, 301.0)	(1, 1)	(163, 148)	17.8	2.0	139	148	21	MOLECULE: TUMOR NECROSIS FACTOR	1D4VB	7KP7C	0.784
12	1	(232, 553)	('TNF10_HUMAN/152-280', '2tnfa')	('1D4V:B', '7KP7:C')	(2.22e-91, 4.6899999999999995e-106)	(264.0, 301.0)	(34, 1)	(162, 148)	17.8	2.0	139	148	21	MOLECULE: TUMOR NECROSIS FACTOR	1D4VB	7KP7C	0.925531914893617
20	14	(486, 254)	('B4DPR8_HUMAN/73-150', 'Q059M3_MOUSE/184-312')	('7KX0:C', '1IQA:C')	(3.0899999999999997e-52, 5.45e-95)	(162.0, 273.0)	(20, 24)	(97, 152)	17.0	2.2	130	156	21	MOLECULE: RECEPTOR ACTIVATOR OF NUCLEAR FACTOR KAPPA B LIGA          	7KX0C	1IQAC	0.967741935483871
23	10	(554, 555)	('1d4vb', '1tnra')	('1D4V:B', '1TNR:A')	(1.2499999999999998e-115, 1.36e-103)	(327.0, 295.0)	(1, 1)	(163, 144)	18.7	1.7	139	144	25	MOLECULE: TUMOR NECROSIS FACTOR BETA	1D4VB	1TNRA	0.8016528925619835
12	10	(232, 555)	('TNF10_HUMAN/152-280', '1tnra')	('1D4V:B', '1TNR:A')	(2.22e-91, 1.36e-103)	(264.0, 295.0)	(34, 1)	(162, 144)	18.7	1.7	139	144	25	MOLECULE: TUMOR NECROSIS FACTOR BETA	1D4VB	1TNRA	0.9555555555555556
23	19	(554, 442)	('1d4vb', 'TNF18_HUMAN/67-170')	('1D4V:B', '3B93:A')	(1.2499999999999998e-115, 2.0499999999999998e-74)	(327.0, 218.0)	(1, 13)	(163, 116)	10.9	2.7	108	123	19	MOLECULE: TUMOR NECROSIS FACTOR LIGAND SUPERFAMILY MEMBER 1          	1D4VB	3B93A	0.6785714285714286
24	2	(556, 462)	('1aly', 'TNFL9_HUMAN/107-240')	('1ALY:A', '6CU0:A')	(4.53e-103, 7.7700000000000025e-75)	(293.0, 222.0)	(1, 17)	(146, 150)	14.6	2.4	128	152	20	MOLECULE: TUMOR NECROSIS FACTOR LIGAND SUPERFAMILY MEMBER 9          	1ALYA	6CU0A	0.7589285714285714
1	0	(553, 166)	('2tnfa', 'Q1L8A5_DANRE/102-234')	('7KP7:C', '7DOV:C')	(4.6899999999999995e-106, 2.4199999999999997e-95)	(301.0, 273.0)	(1, 16)	(148, 148)	18.9	2.2	141	148	32	MOLECULE: LYMPHOTOXIN-ALPHA	7KP7C	7DOVC	0.9140625
13	2	(12, 462)	('TNFA_CANFA/102-233', 'TNFL9_HUMAN/107-240')	('8KB6:A', '6CU0:A')	(7.799999999999999e-94, 7.7700000000000025e-75)	(270.0, 222.0)	(17, 17)	(148, 150)	14.0	2.8	131	152	18	MOLECULE: TUMOR NECROSIS FACTOR LIGAND SUPERFAMILY MEMBER 9          	8KB6A	6CU0A	0.853448275862069
13	11	(12, 437)	('TNFA_CANFA/102-233', 'Q80YG2_MOUSE/61-166')	('8KB6:A', '2Q8O:B')	(7.799999999999999e-94, 3.01e-77)	(270.0, 226.0)	(17, 13)	(148, 118)	11.8	2.1	107	125	22	MOLECULE: GITR LIGAND	8KB6A	2Q8OB	0.9090909090909091
24	11	(556, 437)	('1aly', 'Q80YG2_MOUSE/61-166')	('1ALY:A', '2Q8O:B')	(4.53e-103, 3.01e-77)	(293.0, 226.0)	(1, 13)	(146, 118)	12.8	2.4	110	125	22	MOLECULE: GITR LIGAND	1ALYA	2Q8OB	0.8243243243243243
16	7	(532, 366)	('O97543_AOTNA/19-149', 'D2H891_AILME/97-210')	('5YOY:C', '1RJ7:E')	(5.31e-93, 2.89e-80)	(268.0, 234.0)	(21, 31)	(151, 144)	14.4	2.0	123	149	21	MOLECULE: ECTODYSPLASIN A	5YOYC	1RJ7E	0.8152173913043478
27	3	(418, 331)	('CD40L_HUMAN/138-261', 'Q5F2A4_MOUSE/128-240')	('1ALY:A', '1XU1:D')	(2.69e-87, 1.59e-81)	(253.0, 237.0)	(23, 25)	(146, 137)	16.6	2.2	130	137	20	MOLECULE: TUMOR NECROSIS FACTOR LIGAND SUPERFAMILY MEMBER 1          	1ALYA	1XU1D	0.8921568627450981
27	12	(418, 232)	('CD40L_HUMAN/138-261', 'TNF10_HUMAN/152-280')	('1ALY:A', '1D4V:B')	(2.69e-87, 2.22e-91)	(253.0, 264.0)	(23, 34)	(146, 162)	17.9	1.8	134	163	24	MOLECULE: TNF-RELATED APOPTOSIS INDUCING LIGAND	1ALYA	1D4VB	0.9340659340659341
19	8	(442, 484)	('TNF18_HUMAN/67-170', 'CD70_HUMAN/73-191')	('3B93:A', '7KX0:C')	(2.0499999999999998e-74, 1.65e-83)	(218.0, 243.0)	(13, 20)	(116, 138)	11.1	3.1	110	140	15	MOLECULE: CD70 ANTIGEN	3B93A	7KX0C	0.8309859154929577
27	21	(418, 78)	('CD40L_HUMAN/138-261', 'Q0X0E6_MOUSE/8-138')	('1ALY:A', '7KP7:C')	(2.69e-87, 6.15e-93)	(253.0, 267.0)	(23, 18)	(146, 148)	18.7	2.1	137	148	25	MOLECULE: TUMOR NECROSIS FACTOR	1ALYA	7KP7C	0.8596491228070176
19	17	(442, 436)	('TNF18_HUMAN/67-170', 'Q7TS55_MOUSE/61-166')	('3B93:A', '7KHX:B')	(2.0499999999999998e-74, 4.13e-77)	(218.0, 225.0)	(13, 12)	(116, 117)	15.7	2.7	119	124	55	MOLECULE: TUMOR NECROSIS FACTOR LIGAND SUPERFAMILY MEMBER 1          	3B93A	7KHXB	0.9223300970873787
20	0	(486, 166)	('B4DPR8_HUMAN/73-150', 'Q1L8A5_DANRE/102-234')	('7KX0:C', '7DOV:C')	(3.0899999999999997e-52, 2.4199999999999997e-95)	(162.0, 273.0)	(20, 16)	(97, 148)	15.4	2.6	127	148	28	MOLECULE: LYMPHOTOXIN-ALPHA	7KX0C	7DOVC	0.8529411764705882
20	9	(486, 460)	('B4DPR8_HUMAN/73-150', 'Q3U1Z9_MOUSE/164-302')	('7KX0:C', '6MKB:C')	(3.0899999999999997e-52, 8.9e-101)	(162.0, 288.0)	(20, 20)	(97, 158)	13.0	2.9	129	165	21	MOLECULE: TUMOR NECROSIS FACTOR LIGAND SUPERFAMILY MEMBER 9          	7KX0C	6MKBC	0.4647887323943662
23	5	(554, 529)	('1d4vb', 'TNFA_PANTR/101-232')	('1D4V:B', '5YOY:C')	(1.2499999999999998e-115, 1.36e-93)	(327.0, 269.0)	(1, 21)	(163, 152)	17.9	2.0	141	154	23	MOLECULE: TUMOR NECROSIS FACTOR	1D4VB	5YOYC	0.9122807017543859
12	5	(232, 529)	('TNF10_HUMAN/152-280', 'TNFA_PANTR/101-232')	('1D4V:B', '5YOY:C')	(2.22e-91, 1.36e-93)	(264.0, 269.0)	(34, 21)	(162, 152)	17.9	2.0	141	154	23	MOLECULE: TUMOR NECROSIS FACTOR	1D4VB	5YOYC	0.9215686274509803
20	18	(486, 101)	('B4DPR8_HUMAN/73-150', 'Q6FG55_HUMAN/77-205')	('7KX0:C', '1TNR:A')	(3.0899999999999997e-52, 1.66e-91)	(162.0, 263.0)	(20, 16)	(97, 144)	15.4	2.2	121	144	24	MOLECULE: TUMOR NECROSIS FACTOR BETA	7KX0C	1TNRA	0.8507462686567164
4	1	(512, 553)	('TNF15_HUMAN/117-251', '2tnfa')	('2RE9:C', '7KP7:C')	(9.56e-97, 4.6899999999999995e-106)	(278.0, 301.0)	(30, 1)	(164, 148)	19.5	2.0	140	148	33	MOLECULE: TUMOR NECROSIS FACTOR	2RE9C	7KP7C	0.979381443298969
23	14	(554, 254)	('1d4vb', 'Q059M3_MOUSE/184-312')	('1D4V:B', '1IQA:C')	(1.2499999999999998e-115, 5.45e-95)	(327.0, 273.0)	(1, 24)	(163, 152)	19.9	1.7	142	156	34	MOLECULE: RECEPTOR ACTIVATOR OF NUCLEAR FACTOR KAPPA B LIGA          	1D4VB	1IQAC	0.9649122807017544
24	6	(556, 271)	('1aly', 'TNF14_HUMAN/112-240')	('1ALY:A', '4RSU:H')	(4.53e-103, 6.06e-93)	(293.0, 267.0)	(1, 22)	(146, 150)	19.2	1.8	138	150	24	MOLECULE: TUMOR NECROSIS FACTOR LIGAND SUPERFAMILY MEMBER 1          	1ALYA	4RSUH	0.7777777777777778
16	2	(532, 462)	('O97543_AOTNA/19-149', 'TNFL9_HUMAN/107-240')	('5YOY:C', '6CU0:A')	(5.31e-93, 7.7700000000000025e-75)	(268.0, 222.0)	(21, 17)	(151, 150)	14.0	2.9	132	152	18	MOLECULE: TUMOR NECROSIS FACTOR LIGAND SUPERFAMILY MEMBER 9          	5YOYC	6CU0A	0.8482142857142857
26	15	(552, 467)	('4tsva', 'B6DXE3_MOUSE/77-183')	('5TSW:F', '2HEY:F')	(6.62e-106, 2.08e-75)	(301.0, 221.0)	(2, 21)	(148, 127)	9.4	2.4	102	135	16	MOLECULE: TUMOR NECROSIS FACTOR LIGAND SUPERFAMILY MEMBER 4          	5TSWF	2HEYF	0.8055555555555556
26	24	(552, 556)	('4tsva', '1aly')	('5TSW:F', '1ALY:A')	(6.62e-106, 4.53e-103)	(301.0, 293.0)	(2, 1)	(148, 146)	18.1	2.1	136	146	25	MOLECULE: CD40 LIGAND	5TSWF	1ALYA	0.7611940298507462
27	7	(418, 366)	('CD40L_HUMAN/138-261', 'D2H891_AILME/97-210')	('1ALY:A', '1RJ7:E')	(2.69e-87, 2.89e-80)	(253.0, 234.0)	(23, 31)	(146, 144)	16.2	2.8	131	149	20	MOLECULE: ECTODYSPLASIN A	1ALYA	1RJ7E	0.8446601941747572
19	3	(442, 331)	('TNF18_HUMAN/67-170', 'Q5F2A4_MOUSE/128-240')	('3B93:A', '1XU1:D')	(2.0499999999999998e-74, 1.59e-81)	(218.0, 237.0)	(13, 25)	(116, 137)	12.2	2.4	107	137	16	MOLECULE: TUMOR NECROSIS FACTOR LIGAND SUPERFAMILY MEMBER 1          	3B93A	1XU1D	0.8142857142857143
8	3	(484, 331)	('CD70_HUMAN/73-191', 'Q5F2A4_MOUSE/128-240')	('7KX0:C', '1XU1:D')	(1.65e-83, 1.59e-81)	(243.0, 237.0)	(20, 25)	(138, 137)	16.1	2.0	123	137	20	MOLECULE: TUMOR NECROSIS FACTOR LIGAND SUPERFAMILY MEMBER 1          	7KX0C	1XU1D	0.9090909090909091
27	16	(418, 532)	('CD40L_HUMAN/138-261', 'O97543_AOTNA/19-149')	('1ALY:A', '5YOY:C')	(2.69e-87, 5.31e-93)	(253.0, 268.0)	(23, 21)	(146, 151)	18.2	2.1	139	154	26	MOLECULE: TUMOR NECROSIS FACTOR	1ALYA	5YOYC	0.8495575221238938
19	12	(442, 232)	('TNF18_HUMAN/67-170', 'TNF10_HUMAN/152-280')	('3B93:A', '1D4V:B')	(2.0499999999999998e-74, 2.22e-91)	(218.0, 264.0)	(13, 34)	(116, 162)	10.9	2.8	107	163	19	MOLECULE: TNF-RELATED APOPTOSIS INDUCING LIGAND	3B93A	1D4VB	0.9024390243902439
27	25	(418, 14)	('CD40L_HUMAN/138-261', 'Q95LE8_CANFA/27-99')	('1ALY:A', '8KB6:A')	(2.69e-87, 1.6099999999999998e-45)	(253.0, 145.0)	(23, 17)	(146, 89)	18.8	2.0	136	148	26	MOLECULE: TUMOR NECROSIS FACTOR	1ALYA	8KB6A	0.847457627118644
11	8	(437, 484)	('Q80YG2_MOUSE/61-166', 'CD70_HUMAN/73-191')	('2Q8O:B', '7KX0:C')	(3.01e-77, 1.65e-83)	(226.0, 243.0)	(13, 20)	(118, 138)	12.0	2.8	111	140	14	MOLECULE: CD70 ANTIGEN	2Q8OB	7KX0C	0.8533333333333334
20	4	(486, 512)	('B4DPR8_HUMAN/73-150', 'TNF15_HUMAN/117-251')	('7KX0:C', '2RE9:C')	(3.0899999999999997e-52, 9.56e-97)	(162.0, 278.0)	(20, 30)	(97, 164)	16.4	2.0	127	164	25	MOLECULE: TNF SUPERFAMILY LIGAND TL1A	7KX0C	2RE9C	0.8913043478260869
23	0	(554, 166)	('1d4vb', 'Q1L8A5_DANRE/102-234')	('1D4V:B', '7DOV:C')	(1.2499999999999998e-115, 2.4199999999999997e-95)	(327.0, 273.0)	(1, 16)	(163, 148)	17.0	2.0	138	148	25	MOLECULE: LYMPHOTOXIN-ALPHA	1D4VB	7DOVC	0.8928571428571429
12	0	(232, 166)	('TNF10_HUMAN/152-280', 'Q1L8A5_DANRE/102-234')	('1D4V:B', '7DOV:C')	(2.22e-91, 2.4199999999999997e-95)	(264.0, 273.0)	(34, 16)	(162, 148)	17.0	2.0	138	148	25	MOLECULE: LYMPHOTOXIN-ALPHA	1D4VB	7DOVC	0.9157894736842105
20	13	(486, 12)	('B4DPR8_HUMAN/73-150', 'TNFA_CANFA/102-233')	('7KX0:C', '8KB6:A')	(3.0899999999999997e-52, 7.799999999999999e-94)	(162.0, 270.0)	(20, 17)	(97, 148)	14.9	2.2	122	148	22	MOLECULE: TUMOR NECROSIS FACTOR	7KX0C	8KB6A	0.855072463768116
12	9	(232, 460)	('TNF10_HUMAN/152-280', 'Q3U1Z9_MOUSE/164-302')	('1D4V:B', '6MKB:C')	(2.22e-91, 8.9e-101)	(264.0, 288.0)	(34, 20)	(162, 158)	13.0	3.0	131	165	21	MOLECULE: TUMOR NECROSIS FACTOR LIGAND SUPERFAMILY MEMBER 9          	1D4VB	6MKBC	0.6
23	9	(554, 460)	('1d4vb', 'Q3U1Z9_MOUSE/164-302')	('1D4V:B', '6MKB:C')	(1.2499999999999998e-115, 8.9e-101)	(327.0, 288.0)	(1, 20)	(163, 158)	13.0	3.0	131	165	21	MOLECULE: TUMOR NECROSIS FACTOR LIGAND SUPERFAMILY MEMBER 9          	1D4VB	6MKBC	0.584070796460177
23	18	(554, 101)	('1d4vb', 'Q6FG55_HUMAN/77-205')	('1D4V:B', '1TNR:A')	(1.2499999999999998e-115, 1.66e-91)	(327.0, 263.0)	(1, 16)	(163, 144)	18.7	1.7	139	144	25	MOLECULE: TUMOR NECROSIS FACTOR BETA	1D4VB	1TNRA	0.9065420560747663
15	1	(467, 553)	('B6DXE3_MOUSE/77-183', '2tnfa')	('2HEY:F', '7KP7:C')	(2.08e-75, 4.6899999999999995e-106)	(221.0, 301.0)	(21, 1)	(127, 148)	9.8	2.7	107	148	20	MOLECULE: TUMOR NECROSIS FACTOR	2HEYF	7KP7C	0.8
15	10	(467, 555)	('B6DXE3_MOUSE/77-183', '1tnra')	('2HEY:F', '1TNR:A')	(2.08e-75, 1.36e-103)	(221.0, 295.0)	(21, 1)	(127, 144)	9.6	2.2	99	144	14	MOLECULE: TUMOR NECROSIS FACTOR BETA	2HEYF	1TNRA	0.8472222222222222
26	10	(552, 555)	('4tsva', '1tnra')	('5TSW:F', '1TNR:A')	(6.62e-106, 1.36e-103)	(301.0, 295.0)	(2, 1)	(148, 144)	20.9	1.5	137	144	34	MOLECULE: TUMOR NECROSIS FACTOR BETA	5TSWF	1TNRA	0.8345864661654135
18	6	(101, 271)	('Q6FG55_HUMAN/77-205', 'TNF14_HUMAN/112-240')	('1TNR:A', '4RSU:H')	(1.66e-91, 6.06e-93)	(263.0, 267.0)	(16, 22)	(144, 150)	18.9	1.9	136	150	29	MOLECULE: TUMOR NECROSIS FACTOR LIGAND SUPERFAMILY MEMBER 1          	1TNRA	4RSUH	0.9
7	6	(366, 271)	('D2H891_AILME/97-210', 'TNF14_HUMAN/112-240')	('1RJ7:E', '4RSU:H')	(2.89e-80, 6.06e-93)	(234.0, 267.0)	(31, 22)	(144, 150)	15.6	2.0	126	150	23	MOLECULE: TUMOR NECROSIS FACTOR LIGAND SUPERFAMILY MEMBER 1          	1RJ7E	4RSUH	0.7708333333333334
26	19	(552, 442)	('4tsva', 'TNF18_HUMAN/67-170')	('5TSW:F', '3B93:A')	(6.62e-106, 2.0499999999999998e-74)	(301.0, 218.0)	(2, 13)	(148, 116)	10.9	2.5	106	123	21	MOLECULE: TUMOR NECROSIS FACTOR LIGAND SUPERFAMILY MEMBER 1          	5TSWF	3B93A	0.7121212121212122
18	15	(101, 467)	('Q6FG55_HUMAN/77-205', 'B6DXE3_MOUSE/77-183')	('1TNR:A', '2HEY:F')	(1.66e-91, 2.08e-75)	(263.0, 221.0)	(16, 21)	(144, 127)	9.6	2.2	99	135	14	MOLECULE: TUMOR NECROSIS FACTOR LIGAND SUPERFAMILY MEMBER 4          	1TNRA	2HEYF	0.8472222222222222
27	2	(418, 462)	('CD40L_HUMAN/138-261', 'TNFL9_HUMAN/107-240')	('1ALY:A', '6CU0:A')	(2.69e-87, 7.7700000000000025e-75)	(253.0, 222.0)	(23, 17)	(146, 150)	14.6	2.4	128	152	20	MOLECULE: TUMOR NECROSIS FACTOR LIGAND SUPERFAMILY MEMBER 9          	1ALYA	6CU0A	0.7547169811320755
27	11	(418, 437)	('CD40L_HUMAN/138-261', 'Q80YG2_MOUSE/61-166')	('1ALY:A', '2Q8O:B')	(2.69e-87, 3.01e-77)	(253.0, 226.0)	(23, 13)	(146, 118)	12.8	2.4	110	125	22	MOLECULE: GITR LIGAND	1ALYA	2Q8OB	0.8840579710144928
8	7	(484, 366)	('CD70_HUMAN/73-191', 'D2H891_AILME/97-210')	('7KX0:C', '1RJ7:E')	(1.65e-83, 2.89e-80)	(243.0, 234.0)	(20, 31)	(138, 144)	14.9	1.9	120	149	18	MOLECULE: ECTODYSPLASIN A	7KX0C	1RJ7E	0.8111111111111111
19	7	(442, 366)	('TNF18_HUMAN/67-170', 'D2H891_AILME/97-210')	('3B93:A', '1RJ7:E')	(2.0499999999999998e-74, 2.89e-80)	(218.0, 234.0)	(13, 31)	(116, 144)	12.6	2.7	115	149	17	MOLECULE: ECTODYSPLASIN A	3B93A	1RJ7E	0.9666666666666667
27	20	(418, 486)	('CD40L_HUMAN/138-261', 'B4DPR8_HUMAN/73-150')	('1ALY:A', '7KX0:C')	(2.69e-87, 3.0899999999999997e-52)	(253.0, 162.0)	(23, 20)	(146, 97)	16.9	2.2	130	140	22	MOLECULE: CD70 ANTIGEN	1ALYA	7KX0C	0.7428571428571429
11	3	(437, 331)	('Q80YG2_MOUSE/61-166', 'Q5F2A4_MOUSE/128-240')	('2Q8O:B', '1XU1:D')	(3.01e-77, 1.59e-81)	(226.0, 237.0)	(13, 25)	(118, 137)	12.9	2.1	107	137	17	MOLECULE: TUMOR NECROSIS FACTOR LIGAND SUPERFAMILY MEMBER 1          	2Q8OB	1XU1D	0.9166666666666666
19	16	(442, 532)	('TNF18_HUMAN/67-170', 'O97543_AOTNA/19-149')	('3B93:A', '5YOY:C')	(2.0499999999999998e-74, 5.31e-93)	(218.0, 268.0)	(13, 21)	(116, 151)	11.1	2.4	107	154	23	MOLECULE: TUMOR NECROSIS FACTOR	3B93A	5YOYC	0.7857142857142857
23	4	(554, 512)	('1d4vb', 'TNF15_HUMAN/117-251')	('1D4V:B', '2RE9:C')	(1.2499999999999998e-115, 9.56e-97)	(327.0, 278.0)	(1, 30)	(163, 164)	19.6	2.3	146	164	31	MOLECULE: TNF SUPERFAMILY LIGAND TL1A	1D4VB	2RE9C	0.8809523809523809
12	4	(232, 512)	('TNF10_HUMAN/152-280', 'TNF15_HUMAN/117-251')	('1D4V:B', '2RE9:C')	(2.22e-91, 9.56e-97)	(264.0, 278.0)	(34, 30)	(162, 164)	19.6	2.3	146	164	31	MOLECULE: TNF SUPERFAMILY LIGAND TL1A	1D4VB	2RE9C	0.9008264462809917
25	23	(14, 554)	('Q95LE8_CANFA/27-99', '1d4vb')	('8KB6:A', '1D4V:B')	(1.6099999999999998e-45, 1.2499999999999998e-115)	(145.0, 327.0)	(17, 1)	(89, 163)	18.1	1.8	140	163	23	MOLECULE: TNF-RELATED APOPTOSIS INDUCING LIGAND	8KB6A	1D4VB	0.9230769230769231
4	0	(512, 166)	('TNF15_HUMAN/117-251', 'Q1L8A5_DANRE/102-234')	('2RE9:C', '7DOV:C')	(9.56e-97, 2.4199999999999997e-95)	(278.0, 273.0)	(30, 16)	(164, 148)	18.6	1.9	139	148	30	MOLECULE: LYMPHOTOXIN-ALPHA	2RE9C	7DOVC	0.9690721649484536
22	17	(309, 436)	('TN13B_HUMAN/168-284', 'Q7TS55_MOUSE/61-166')	('4ZCH:B', '7KHX:B')	(1.4500000000000001e-77, 4.13e-77)	(238.0, 225.0)	(170, 12)	(286, 117)	12.5	2.9	114	124	15	MOLECULE: TUMOR NECROSIS FACTOR LIGAND SUPERFAMILY MEMBER 1          	4ZCHB	7KHXB	0.0
14	13	(254, 12)	('Q059M3_MOUSE/184-312', 'TNFA_CANFA/102-233')	('1IQA:C', '8KB6:A')	(5.45e-95, 7.799999999999999e-94)	(273.0, 270.0)	(24, 17)	(152, 148)	18.6	2.1	139	148	23	MOLECULE: TUMOR NECROSIS FACTOR	1IQAC	8KB6A	0.9130434782608695
15	5	(467, 529)	('B6DXE3_MOUSE/77-183', 'TNFA_PANTR/101-232')	('2HEY:F', '5YOY:C')	(2.08e-75, 1.36e-93)	(221.0, 269.0)	(21, 21)	(127, 152)	10.2	2.7	107	154	16	MOLECULE: TUMOR NECROSIS FACTOR	2HEYF	5YOYC	0.8450704225352113
26	5	(552, 529)	('4tsva', 'TNFA_PANTR/101-232')	('5TSW:F', '5YOY:C')	(6.62e-106, 1.36e-93)	(301.0, 269.0)	(2, 21)	(148, 152)	23.9	1.1	147	154	98	MOLECULE: TUMOR NECROSIS FACTOR	5TSWF	5YOYC	1.0
7	1	(366, 553)	('D2H891_AILME/97-210', '2tnfa')	('1RJ7:E', '7KP7:C')	(2.89e-80, 4.6899999999999995e-106)	(234.0, 301.0)	(31, 1)	(144, 148)	14.4	2.2	122	148	21	MOLECULE: TUMOR NECROSIS FACTOR	1RJ7E	7KP7C	0.8494623655913979
18	1	(101, 553)	('Q6FG55_HUMAN/77-205', '2tnfa')	('1TNR:A', '7KP7:C')	(1.66e-91, 4.6899999999999995e-106)	(263.0, 301.0)	(16, 1)	(144, 148)	21.5	1.2	137	148	37	MOLECULE: TUMOR NECROSIS FACTOR	1TNRA	7KP7C	0.9411764705882353
15	14	(467, 254)	('B6DXE3_MOUSE/77-183', 'Q059M3_MOUSE/184-312')	('2HEY:F', '1IQA:C')	(2.08e-75, 5.45e-95)	(221.0, 273.0)	(21, 24)	(127, 152)	10.9	2.5	112	156	10	MOLECULE: RECEPTOR ACTIVATOR OF NUCLEAR FACTOR KAPPA B LIGA          	2HEYF	1IQAC	0.8805970149253731
26	14	(552, 254)	('4tsva', 'Q059M3_MOUSE/184-312')	('5TSW:F', '1IQA:C')	(6.62e-106, 5.45e-95)	(301.0, 273.0)	(2, 24)	(148, 152)	17.9	2.1	136	156	22	MOLECULE: RECEPTOR ACTIVATOR OF NUCLEAR FACTOR KAPPA B LIGA          	5TSWF	1IQAC	0.9122807017543859
18	10	(101, 555)	('Q6FG55_HUMAN/77-205', '1tnra')	('1TNR:A', '1TNR:A')	(1.66e-91, 1.36e-103)	(263.0, 295.0)	(16, 1)	(144, 144)	28.7	0.0	144	144	100	MOLECULE: TUMOR NECROSIS FACTOR BETA	1TNRA	1TNRA	0.9923076923076923
26	23	(552, 554)	('4tsva', '1d4vb')	('5TSW:F', '1D4V:B')	(6.62e-106, 1.2499999999999998e-115)	(301.0, 327.0)	(2, 1)	(148, 163)	17.7	1.9	139	163	22	MOLECULE: TNF-RELATED APOPTOSIS INDUCING LIGAND	5TSWF	1D4VB	0.8174603174603174
27	6	(418, 271)	('CD40L_HUMAN/138-261', 'TNF14_HUMAN/112-240')	('1ALY:A', '4RSU:H')	(2.69e-87, 6.06e-93)	(253.0, 267.0)	(23, 22)	(146, 150)	19.2	1.8	138	150	24	MOLECULE: TUMOR NECROSIS FACTOR LIGAND SUPERFAMILY MEMBER 1          	1ALYA	4RSUH	0.7844827586206896
19	2	(442, 462)	('TNF18_HUMAN/67-170', 'TNFL9_HUMAN/107-240')	('3B93:A', '6CU0:A')	(2.0499999999999998e-74, 7.7700000000000025e-75)	(218.0, 222.0)	(13, 17)	(116, 150)	9.1	3.1	104	152	14	MOLECULE: TUMOR NECROSIS FACTOR LIGAND SUPERFAMILY MEMBER 9          	3B93A	6CU0A	0.78125
8	2	(484, 462)	('CD70_HUMAN/73-191', 'TNFL9_HUMAN/107-240')	('7KX0:C', '6CU0:A')	(1.65e-83, 7.7700000000000025e-75)	(243.0, 222.0)	(20, 17)	(138, 150)	14.9	2.2	123	152	24	MOLECULE: TUMOR NECROSIS FACTOR LIGAND SUPERFAMILY MEMBER 9          	7KX0C	6CU0A	0.7578947368421053
19	11	(442, 437)	('TNF18_HUMAN/67-170', 'Q80YG2_MOUSE/61-166')	('3B93:A', '2Q8O:B')	(2.0499999999999998e-74, 3.01e-77)	(218.0, 226.0)	(13, 13)	(116, 118)	16.4	2.6	118	125	55	MOLECULE: GITR LIGAND	3B93A	2Q8OB	0.9117647058823529
11	7	(437, 366)	('Q80YG2_MOUSE/61-166', 'D2H891_AILME/97-210')	('2Q8O:B', '1RJ7:E')	(3.01e-77, 2.89e-80)	(226.0, 234.0)	(13, 31)	(118, 144)	13.1	2.2	112	149	21	MOLECULE: ECTODYSPLASIN A	2Q8OB	1RJ7E	0.9516129032258065
25	18	(14, 101)	('Q95LE8_CANFA/27-99', 'Q6FG55_HUMAN/77-205')	('8KB6:A', '1TNR:A')	(1.6099999999999998e-45, 1.66e-91)	(145.0, 263.0)	(17, 16)	(89, 144)	21.3	1.2	137	144	36	MOLECULE: TUMOR NECROSIS FACTOR BETA	8KB6A	1TNRA	0.9714285714285714
22	3	(309, 331)	('TN13B_HUMAN/168-284', 'Q5F2A4_MOUSE/128-240')	('4ZCH:B', '1XU1:D')	(1.4500000000000001e-77, 1.59e-81)	(238.0, 237.0)	(170, 25)	(286, 137)	23.9	0.8	129	137	85	MOLECULE: TUMOR NECROSIS FACTOR LIGAND SUPERFAMILY MEMBER 1          	4ZCHB	1XU1D	0.0
22	12	(309, 232)	('TN13B_HUMAN/168-284', 'TNF10_HUMAN/152-280')	('4ZCH:B', '1D4V:B')	(1.4500000000000001e-77, 2.22e-91)	(238.0, 264.0)	(170, 34)	(286, 162)	15.8	1.8	124	163	19	MOLECULE: TNF-RELATED APOPTOSIS INDUCING LIGAND	4ZCHB	1D4VB	0.0
14	8	(254, 484)	('Q059M3_MOUSE/184-312', 'CD70_HUMAN/73-191')	('1IQA:C', '7KX0:C')	(5.45e-95, 1.65e-83)	(273.0, 243.0)	(24, 20)	(152, 138)	17.0	2.2	130	140	21	MOLECULE: CD70 ANTIGEN	1IQAC	7KX0C	0.9354838709677419
22	21	(309, 78)	('TN13B_HUMAN/168-284', 'Q0X0E6_MOUSE/8-138')	('4ZCH:B', '7KP7:C')	(1.4500000000000001e-77, 6.15e-93)	(238.0, 267.0)	(170, 18)	(286, 148)	15.5	2.0	123	148	27	MOLECULE: TUMOR NECROSIS FACTOR	4ZCHB	7KP7C	0.0
15	0	(467, 166)	('B6DXE3_MOUSE/77-183', 'Q1L8A5_DANRE/102-234')	('2HEY:F', '7DOV:C')	(2.08e-75, 2.4199999999999997e-95)	(221.0, 273.0)	(21, 16)	(127, 148)	10.3	2.3	105	148	14	MOLECULE: LYMPHOTOXIN-ALPHA	2HEYF	7DOVC	0.8493150684931506
26	0	(552, 166)	('4tsva', 'Q1L8A5_DANRE/102-234')	('5TSW:F', '7DOV:C')	(6.62e-106, 2.4199999999999997e-95)	(301.0, 273.0)	(2, 16)	(148, 148)	18.9	2.0	139	148	29	MOLECULE: LYMPHOTOXIN-ALPHA	5TSWF	7DOVC	0.9291338582677166
15	9	(467, 460)	('B6DXE3_MOUSE/77-183', 'Q3U1Z9_MOUSE/164-302')	('2HEY:F', '6MKB:C')	(2.08e-75, 8.9e-101)	(221.0, 288.0)	(21, 20)	(127, 158)	10.1	2.8	112	165	13	MOLECULE: TUMOR NECROSIS FACTOR LIGAND SUPERFAMILY MEMBER 9          	2HEYF	6MKBC	0.6027397260273972
26	9	(552, 460)	('4tsva', 'Q3U1Z9_MOUSE/164-302')	('5TSW:F', '6MKB:C')	(6.62e-106, 8.9e-101)	(301.0, 288.0)	(2, 20)	(148, 158)	12.7	2.8	129	165	15	MOLECULE: TUMOR NECROSIS FACTOR LIGAND SUPERFAMILY MEMBER 9          	5TSWF	6MKBC	0.5673076923076923
18	5	(101, 529)	('Q6FG55_HUMAN/77-205', 'TNFA_PANTR/101-232')	('1TNR:A', '5YOY:C')	(1.66e-91, 1.36e-93)	(263.0, 269.0)	(16, 21)	(144, 152)	21.2	1.4	138	154	36	MOLECULE: TUMOR NECROSIS FACTOR	1TNRA	5YOYC	0.9369369369369369
7	5	(366, 529)	('D2H891_AILME/97-210', 'TNFA_PANTR/101-232')	('1RJ7:E', '5YOY:C')	(2.89e-80, 1.36e-93)	(234.0, 269.0)	(31, 21)	(144, 152)	14.4	2.1	124	154	21	MOLECULE: TUMOR NECROSIS FACTOR	1RJ7E	5YOYC	0.8152173913043478
26	18	(552, 101)	('4tsva', 'Q6FG55_HUMAN/77-205')	('5TSW:F', '1TNR:A')	(6.62e-106, 1.66e-91)	(301.0, 263.0)	(2, 16)	(148, 144)	20.9	1.5	137	144	34	MOLECULE: TUMOR NECROSIS FACTOR BETA	5TSWF	1TNRA	0.9327731092436975
18	14	(101, 254)	('Q6FG55_HUMAN/77-205', 'Q059M3_MOUSE/184-312')	('1TNR:A', '1IQA:C')	(1.66e-91, 5.45e-95)	(263.0, 273.0)	(16, 24)	(144, 152)	19.3	2.1	138	156	24	MOLECULE: RECEPTOR ACTIVATOR OF NUCLEAR FACTOR KAPPA B LIGA          	1TNRA	1IQAC	0.9181818181818182
27	1	(418, 553)	('CD40L_HUMAN/138-261', '2tnfa')	('1ALY:A', '7KP7:C')	(2.69e-87, 4.6899999999999995e-106)	(253.0, 301.0)	(23, 1)	(146, 148)	18.7	2.1	137	148	25	MOLECULE: TUMOR NECROSIS FACTOR	1ALYA	7KP7C	0.8596491228070176
29	20	(258, 486)	('Q54A98_HUMAN/112-240', 'B4DPR8_HUMAN/73-150')	('5BNQ:A', '7KX0:C')	(3.83e-95, 3.0899999999999997e-52)	(273.0, 162.0)	(24, 20)	(152, 97)	17.3	2.2	131	140	19	MOLECULE: CD70 ANTIGEN	5BNQA	7KX0C	0.967741935483871
19	6	(442, 271)	('TNF18_HUMAN/67-170', 'TNF14_HUMAN/112-240')	('3B93:A', '4RSU:H')	(2.0499999999999998e-74, 6.06e-93)	(218.0, 267.0)	(13, 22)	(116, 150)	11.4	2.6	108	150	17	MOLECULE: TUMOR NECROSIS FACTOR LIGAND SUPERFAMILY MEMBER 1          	3B93A	4RSUH	0.75
11	2	(437, 462)	('Q80YG2_MOUSE/61-166', 'TNFL9_HUMAN/107-240')	('2Q8O:B', '6CU0:A')	(3.01e-77, 7.7700000000000025e-75)	(226.0, 222.0)	(13, 17)	(118, 150)	10.2	2.8	106	152	11	MOLECULE: TUMOR NECROSIS FACTOR LIGAND SUPERFAMILY MEMBER 9          	2Q8OB	6CU0A	0.9
25	4	(14, 512)	('Q95LE8_CANFA/27-99', 'TNF15_HUMAN/117-251')	('8KB6:A', '2RE9:C')	(1.6099999999999998e-45, 9.56e-97)	(145.0, 278.0)	(17, 30)	(89, 164)	19.3	1.9	140	164	32	MOLECULE: TNF SUPERFAMILY LIGAND TL1A	8KB6A	2RE9C	0.9736842105263158
25	13	(14, 12)	('Q95LE8_CANFA/27-99', 'TNFA_CANFA/102-233')	('8KB6:A', '8KB6:A')	(1.6099999999999998e-45, 7.799999999999999e-94)	(145.0, 270.0)	(17, 17)	(89, 148)	29.2	0.0	148	148	100	MOLECULE: TUMOR NECROSIS FACTOR	8KB6A	8KB6A	0.972972972972973
25	22	(14, 309)	('Q95LE8_CANFA/27-99', 'TN13B_HUMAN/168-284')	('8KB6:A', '4ZCH:B')	(1.6099999999999998e-45, 1.4500000000000001e-77)	(145.0, 238.0)	(17, 170)	(89, 286)	15.7	1.9	123	419	28	MOLECULE: TUMOR NECROSIS FACTOR LIGAND SUPERFAMILY MEMBER 1          	8KB6A	4ZCHB	0.0
22	7	(309, 366)	('TN13B_HUMAN/168-284', 'D2H891_AILME/97-210')	('4ZCH:B', '1RJ7:E')	(1.4500000000000001e-77, 2.89e-80)	(238.0, 234.0)	(170, 31)	(286, 144)	16.8	1.7	124	149	26	MOLECULE: ECTODYSPLASIN A	4ZCHB	1RJ7E	0.0
14	3	(254, 331)	('Q059M3_MOUSE/184-312', 'Q5F2A4_MOUSE/128-240')	('1IQA:C', '1XU1:D')	(5.45e-95, 1.59e-81)	(273.0, 237.0)	(24, 25)	(152, 137)	16.1	2.0	127	137	17	MOLECULE: TUMOR NECROSIS FACTOR LIGAND SUPERFAMILY MEMBER 1          	1IQAC	1XU1D	0.9021739130434783
22	16	(309, 532)	('TN13B_HUMAN/168-284', 'O97543_AOTNA/19-149')	('4ZCH:B', '5YOY:C')	(1.4500000000000001e-77, 5.31e-93)	(238.0, 268.0)	(170, 21)	(286, 151)	15.1	2.1	123	154	28	MOLECULE: TUMOR NECROSIS FACTOR	4ZCHB	5YOYC	0.0
14	12	(254, 232)	('Q059M3_MOUSE/184-312', 'TNF10_HUMAN/152-280')	('1IQA:C', '1D4V:B')	(5.45e-95, 2.22e-91)	(273.0, 264.0)	(24, 34)	(152, 162)	19.9	1.7	142	163	34	MOLECULE: TNF-RELATED APOPTOSIS INDUCING LIGAND	1IQAC	1D4VB	0.9903846153846154
26	4	(552, 512)	('4tsva', 'TNF15_HUMAN/117-251')	('5TSW:F', '2RE9:C')	(6.62e-106, 9.56e-97)	(301.0, 278.0)	(2, 30)	(148, 164)	18.8	1.9	139	164	30	MOLECULE: TNF SUPERFAMILY LIGAND TL1A	5TSWF	2RE9C	0.9897959183673469
15	4	(467, 512)	('B6DXE3_MOUSE/77-183', 'TNF15_HUMAN/117-251')	('2HEY:F', '2RE9:C')	(2.08e-75, 9.56e-97)	(221.0, 278.0)	(21, 30)	(127, 164)	10.4	2.5	109	164	18	MOLECULE: TNF SUPERFAMILY LIGAND TL1A	2HEYF	2RE9C	0.8490566037735849
7	0	(366, 166)	('D2H891_AILME/97-210', 'Q1L8A5_DANRE/102-234')	('1RJ7:E', '7DOV:C')	(2.89e-80, 2.4199999999999997e-95)	(234.0, 273.0)	(31, 16)	(144, 148)	13.6	2.2	119	148	30	MOLECULE: LYMPHOTOXIN-ALPHA	1RJ7E	7DOVC	0.8936170212765957
18	0	(101, 166)	('Q6FG55_HUMAN/77-205', 'Q1L8A5_DANRE/102-234')	('1TNR:A', '7DOV:C')	(1.66e-91, 2.4199999999999997e-95)	(263.0, 273.0)	(16, 16)	(144, 148)	19.5	2.2	142	148	36	MOLECULE: LYMPHOTOXIN-ALPHA	1TNRA	7DOVC	0.904
26	13	(552, 12)	('4tsva', 'TNFA_CANFA/102-233')	('5TSW:F', '8KB6:A')	(6.62e-106, 7.799999999999999e-94)	(301.0, 270.0)	(2, 17)	(148, 148)	24.3	1.2	146	148	92	MOLECULE: TUMOR NECROSIS FACTOR	5TSWF	8KB6A	0.9923664122137404
15	13	(467, 12)	('B6DXE3_MOUSE/77-183', 'TNFA_CANFA/102-233')	('2HEY:F', '8KB6:A')	(2.08e-75, 7.799999999999999e-94)	(221.0, 270.0)	(21, 17)	(127, 148)	9.8	2.4	102	148	17	MOLECULE: TUMOR NECROSIS FACTOR	2HEYF	8KB6A	0.8783783783783784
18	9	(101, 460)	('Q6FG55_HUMAN/77-205', 'Q3U1Z9_MOUSE/164-302')	('1TNR:A', '6MKB:C')	(1.66e-91, 8.9e-101)	(263.0, 288.0)	(16, 20)	(144, 158)	12.8	2.7	123	165	19	MOLECULE: TUMOR NECROSIS FACTOR LIGAND SUPERFAMILY MEMBER 9          	1TNRA	6MKBC	0.5876288659793815
29	15	(258, 467)	('Q54A98_HUMAN/112-240', 'B6DXE3_MOUSE/77-183')	('5BNQ:A', '2HEY:F')	(3.83e-95, 2.08e-75)	(273.0, 221.0)	(24, 21)	(152, 127)	10.7	2.3	107	135	10	MOLECULE: TUMOR NECROSIS FACTOR LIGAND SUPERFAMILY MEMBER 4          	5BNQA	2HEYF	0.8955223880597015
21	11	(78, 437)	('Q0X0E6_MOUSE/8-138', 'Q80YG2_MOUSE/61-166')	('7KP7:C', '2Q8O:B')	(6.15e-93, 3.01e-77)	(267.0, 226.0)	(18, 13)	(148, 118)	11.9	2.3	110	125	18	MOLECULE: GITR LIGAND	7KP7C	2Q8OB	0.8805970149253731
29	24	(258, 556)	('Q54A98_HUMAN/112-240', '1aly')	('5BNQ:A', '1ALY:A')	(3.83e-95, 4.53e-103)	(273.0, 293.0)	(24, 1)	(152, 146)	17.6	2.2	137	146	27	MOLECULE: CD40 LIGAND	5BNQA	1ALYA	0.831858407079646
21	20	(78, 486)	('Q0X0E6_MOUSE/8-138', 'B4DPR8_HUMAN/73-150')	('7KP7:C', '7KX0:C')	(6.15e-93, 3.0899999999999997e-52)	(267.0, 162.0)	(18, 20)	(148, 97)	15.0	2.7	126	140	23	MOLECULE: CD70 ANTIGEN	7KP7C	7KX0C	0.8
10	1	(555, 553)	('1tnra', '2tnfa')	('1TNR:A', '7KP7:C')	(1.36e-103, 4.6899999999999995e-106)	(295.0, 301.0)	(1, 1)	(144, 148)	21.5	1.2	137	148	37	MOLECULE: TUMOR NECROSIS FACTOR	1TNRA	7KP7C	0.8421052631578947
25	8	(14, 484)	('Q95LE8_CANFA/27-99', 'CD70_HUMAN/73-191')	('8KB6:A', '7KX0:C')	(1.6099999999999998e-45, 1.65e-83)	(145.0, 243.0)	(17, 20)	(89, 138)	14.9	2.4	124	140	22	MOLECULE: CD70 ANTIGEN	8KB6A	7KX0C	0.8870967741935484
25	17	(14, 436)	('Q95LE8_CANFA/27-99', 'Q7TS55_MOUSE/61-166')	('8KB6:A', '7KHX:B')	(1.6099999999999998e-45, 4.13e-77)	(145.0, 225.0)	(17, 12)	(89, 117)	11.3	2.0	106	124	23	MOLECULE: TUMOR NECROSIS FACTOR LIGAND SUPERFAMILY MEMBER 1          	8KB6A	7KHXB	0.9215686274509803
22	2	(309, 462)	('TN13B_HUMAN/168-284', 'TNFL9_HUMAN/107-240')	('4ZCH:B', '6CU0:A')	(1.4500000000000001e-77, 7.7700000000000025e-75)	(238.0, 222.0)	(170, 17)	(286, 150)	14.8	2.1	121	152	19	MOLECULE: TUMOR NECROSIS FACTOR LIGAND SUPERFAMILY MEMBER 9          	4ZCHB	6CU0A	0.0
22	11	(309, 437)	('TN13B_HUMAN/168-284', 'Q80YG2_MOUSE/61-166')	('4ZCH:B', '2Q8O:B')	(1.4500000000000001e-77, 3.01e-77)	(238.0, 226.0)	(170, 13)	(286, 118)	13.1	2.8	113	125	15	MOLECULE: GITR LIGAND	4ZCHB	2Q8OB	0.0
14	7	(254, 366)	('Q059M3_MOUSE/184-312', 'D2H891_AILME/97-210')	('1IQA:C', '1RJ7:E')	(5.45e-95, 2.89e-80)	(273.0, 234.0)	(24, 31)	(152, 144)	16.2	2.0	129	149	18	MOLECULE: ECTODYSPLASIN A	1IQAC	1RJ7E	0.8369565217391305
22	20	(309, 486)	('TN13B_HUMAN/168-284', 'B4DPR8_HUMAN/73-150')	('4ZCH:B', '7KX0:C')	(1.4500000000000001e-77, 3.0899999999999997e-52)	(238.0, 162.0)	(170, 20)	(286, 97)	17.0	1.8	121	140	19	MOLECULE: CD70 ANTIGEN	4ZCHB	7KX0C	0.0
28	27	(190, 418)	('TNFL6_HUMAN/160-281', 'CD40L_HUMAN/138-261')	('4MSV:A', '1ALY:A')	(7.97e-87, 2.69e-87)	(251.0, 253.0)	(18, 23)	(139, 146)	20.0	1.6	134	146	24	MOLECULE: CD40 LIGAND	4MSVA	1ALYA	0.822429906542056
7	4	(366, 512)	('D2H891_AILME/97-210', 'TNF15_HUMAN/117-251')	('1RJ7:E', '2RE9:C')	(2.89e-80, 9.56e-97)	(234.0, 278.0)	(31, 30)	(144, 164)	15.6	2.9	130	164	22	MOLECULE: TNF SUPERFAMILY LIGAND TL1A	1RJ7E	2RE9C	0.8068181818181818
18	4	(101, 512)	('Q6FG55_HUMAN/77-205', 'TNF15_HUMAN/117-251')	('1TNR:A', '2RE9:C')	(1.66e-91, 9.56e-97)	(263.0, 278.0)	(16, 30)	(144, 164)	19.6	1.7	138	164	34	MOLECULE: TNF SUPERFAMILY LIGAND TL1A	1TNRA	2RE9C	0.9347826086956522
29	1	(258, 553)	('Q54A98_HUMAN/112-240', '2tnfa')	('5BNQ:A', '7KP7:C')	(3.83e-95, 4.6899999999999995e-106)	(273.0, 301.0)	(24, 1)	(152, 148)	18.5	2.1	137	148	26	MOLECULE: TUMOR NECROSIS FACTOR	5BNQA	7KP7C	0.9473684210526315
26	12	(552, 232)	('4tsva', 'TNF10_HUMAN/152-280')	('5TSW:F', '1D4V:B')	(6.62e-106, 2.22e-91)	(301.0, 264.0)	(2, 34)	(148, 162)	17.7	1.9	139	163	22	MOLECULE: TNF-RELATED APOPTOSIS INDUCING LIGAND	5TSWF	1D4VB	0.9583333333333334
29	10	(258, 555)	('Q54A98_HUMAN/112-240', '1tnra')	('5BNQ:A', '1TNR:A')	(3.83e-95, 1.36e-103)	(273.0, 295.0)	(24, 1)	(152, 144)	19.7	2.0	139	144	24	MOLECULE: TUMOR NECROSIS FACTOR BETA	5BNQA	1TNRA	0.954954954954955
21	6	(78, 271)	('Q0X0E6_MOUSE/8-138', 'TNF14_HUMAN/112-240')	('7KP7:C', '4RSU:H')	(6.15e-93, 6.06e-93)	(267.0, 267.0)	(18, 22)	(148, 150)	19.4	2.3	144	150	30	MOLECULE: TUMOR NECROSIS FACTOR LIGAND SUPERFAMILY MEMBER 1          	7KP7C	4RSUH	0.9672131147540983
29	19	(258, 442)	('Q54A98_HUMAN/112-240', 'TNF18_HUMAN/67-170')	('5BNQ:A', '3B93:A')	(3.83e-95, 2.0499999999999998e-74)	(273.0, 218.0)	(24, 13)	(152, 116)	11.3	2.8	109	123	17	MOLECULE: TUMOR NECROSIS FACTOR LIGAND SUPERFAMILY MEMBER 1          	5BNQA	3B93A	0.8
21	15	(78, 467)	('Q0X0E6_MOUSE/8-138', 'B6DXE3_MOUSE/77-183')	('7KP7:C', '2HEY:F')	(6.15e-93, 2.08e-75)	(267.0, 221.0)	(18, 21)	(148, 127)	9.8	2.6	105	135	19	MOLECULE: TUMOR NECROSIS FACTOR LIGAND SUPERFAMILY MEMBER 4          	7KP7C	2HEYF	0.7894736842105263
29	28	(258, 190)	('Q54A98_HUMAN/112-240', 'TNFL6_HUMAN/160-281')	('5BNQ:A', '4MSV:A')	(3.83e-95, 7.97e-87)	(273.0, 251.0)	(24, 18)	(152, 139)	20.6	1.6	137	139	27	MOLECULE: TUMOR NECROSIS FACTOR RECEPTOR SUPERFAMILY MEMBER          	5BNQA	4MSVA	0.9223300970873787
10	5	(555, 529)	('1tnra', 'TNFA_PANTR/101-232')	('1TNR:A', '5YOY:C')	(1.36e-103, 1.36e-93)	(295.0, 269.0)	(1, 21)	(144, 152)	21.2	1.4	138	154	36	MOLECULE: TUMOR NECROSIS FACTOR	1TNRA	5YOYC	0.9369369369369369
2	1	(462, 553)	('TNFL9_HUMAN/107-240', '2tnfa')	('6CU0:A', '7KP7:C')	(7.7700000000000025e-75, 4.6899999999999995e-106)	(222.0, 301.0)	(17, 1)	(150, 148)	14.1	2.7	132	148	20	MOLECULE: TUMOR NECROSIS FACTOR	6CU0A	7KP7C	0.8717948717948718
25	3	(14, 331)	('Q95LE8_CANFA/27-99', 'Q5F2A4_MOUSE/128-240')	('8KB6:A', '1XU1:D')	(1.6099999999999998e-45, 1.59e-81)	(145.0, 237.0)	(17, 25)	(89, 137)	15.3	1.9	122	137	27	MOLECULE: TUMOR NECROSIS FACTOR LIGAND SUPERFAMILY MEMBER 1          	8KB6A	1XU1D	0.8545454545454545
25	12	(14, 232)	('Q95LE8_CANFA/27-99', 'TNF10_HUMAN/152-280')	('8KB6:A', '1D4V:B')	(1.6099999999999998e-45, 2.22e-91)	(145.0, 264.0)	(17, 34)	(89, 162)	18.1	1.8	140	163	23	MOLECULE: TNF-RELATED APOPTOSIS INDUCING LIGAND	8KB6A	1D4VB	1.0
25	21	(14, 78)	('Q95LE8_CANFA/27-99', 'Q0X0E6_MOUSE/8-138')	('8KB6:A', '7KP7:C')	(1.6099999999999998e-45, 6.15e-93)	(145.0, 267.0)	(17, 18)	(89, 148)	25.9	0.8	147	148	82	MOLECULE: TUMOR NECROSIS FACTOR	8KB6A	7KP7C	0.9722222222222222
22	6	(309, 271)	('TN13B_HUMAN/168-284', 'TNF14_HUMAN/112-240')	('4ZCH:B', '4RSU:H')	(1.4500000000000001e-77, 6.06e-93)	(238.0, 267.0)	(170, 22)	(286, 150)	16.7	1.8	125	150	21	MOLECULE: TUMOR NECROSIS FACTOR LIGAND SUPERFAMILY MEMBER 1          	4ZCHB	4RSUH	0.0
14	2	(254, 462)	('Q059M3_MOUSE/184-312', 'TNFL9_HUMAN/107-240')	('1IQA:C', '6CU0:A')	(5.45e-95, 7.7700000000000025e-75)	(273.0, 222.0)	(24, 17)	(152, 150)	15.6	2.7	138	152	17	MOLECULE: TUMOR NECROSIS FACTOR LIGAND SUPERFAMILY MEMBER 9          	1IQAC	6CU0A	0.8125
3	2	(331, 462)	('Q5F2A4_MOUSE/128-240', 'TNFL9_HUMAN/107-240')	('1XU1:D', '6CU0:A')	(1.59e-81, 7.7700000000000025e-75)	(237.0, 222.0)	(25, 17)	(137, 150)	13.9	2.3	122	152	17	MOLECULE: TUMOR NECROSIS FACTOR LIGAND SUPERFAMILY MEMBER 9          	1XU1D	6CU0A	0.8333333333333334
14	11	(254, 437)	('Q059M3_MOUSE/184-312', 'Q80YG2_MOUSE/61-166')	('1IQA:C', '2Q8O:B')	(5.45e-95, 3.01e-77)	(273.0, 226.0)	(24, 13)	(152, 118)	11.9	2.4	108	125	19	MOLECULE: GITR LIGAND	1IQAC	2Q8OB	0.9322033898305084
28	13	(190, 12)	('TNFL6_HUMAN/160-281', 'TNFA_CANFA/102-233')	('4MSV:A', '8KB6:A')	(7.97e-87, 7.799999999999999e-94)	(251.0, 270.0)	(18, 17)	(139, 148)	19.8	1.9	137	148	28	MOLECULE: TUMOR NECROSIS FACTOR	4MSVA	8KB6A	0.9017857142857143
17	13	(436, 12)	('Q7TS55_MOUSE/61-166', 'TNFA_CANFA/102-233')	('7KHX:B', '8KB6:A')	(4.13e-77, 7.799999999999999e-94)	(225.0, 270.0)	(12, 17)	(117, 148)	11.3	2.0	106	148	23	MOLECULE: TUMOR NECROSIS FACTOR	7KHXB	8KB6A	0.921875
28	22	(190, 309)	('TNFL6_HUMAN/160-281', 'TN13B_HUMAN/168-284')	('4MSV:A', '4ZCH:B')	(7.97e-87, 1.4500000000000001e-77)	(251.0, 238.0)	(18, 170)	(139, 286)	17.6	1.7	125	419	26	MOLECULE: TUMOR NECROSIS FACTOR LIGAND SUPERFAMILY MEMBER 1          	4MSVA	4ZCHB	0.0
6	3	(271, 331)	('TNF14_HUMAN/112-240', 'Q5F2A4_MOUSE/128-240')	('4RSU:H', '1XU1:D')	(6.06e-93, 1.59e-81)	(267.0, 237.0)	(22, 25)	(150, 137)	15.8	2.1	127	137	20	MOLECULE: TUMOR NECROSIS FACTOR LIGAND SUPERFAMILY MEMBER 1          	4RSUH	1XU1D	0.8210526315789474
29	5	(258, 529)	('Q54A98_HUMAN/112-240', 'TNFA_PANTR/101-232')	('5BNQ:A', '5YOY:C')	(3.83e-95, 1.36e-93)	(273.0, 269.0)	(24, 21)	(152, 152)	19.0	2.0	142	154	21	MOLECULE: TUMOR NECROSIS FACTOR	5BNQA	5YOYC	0.9105691056910569
21	1	(78, 553)	('Q0X0E6_MOUSE/8-138', '2tnfa')	('7KP7:C', '7KP7:C')	(6.15e-93, 4.6899999999999995e-106)	(267.0, 301.0)	(18, 1)	(148, 148)	29.3	0.0	148	148	100	MOLECULE: TUMOR NECROSIS FACTOR	7KP7C	7KP7C	0.9924242424242424
29	14	(258, 254)	('Q54A98_HUMAN/112-240', 'Q059M3_MOUSE/184-312')	('5BNQ:A', '1IQA:C')	(3.83e-95, 5.45e-95)	(273.0, 273.0)	(24, 24)	(152, 152)	26.9	1.0	156	156	88	MOLECULE: RECEPTOR ACTIVATOR OF NUCLEAR FACTOR KAPPA B LIGA          	5BNQA	1IQAC	0.9923076923076923
21	10	(78, 555)	('Q0X0E6_MOUSE/8-138', '1tnra')	('7KP7:C', '1TNR:A')	(6.15e-93, 1.36e-103)	(267.0, 295.0)	(18, 1)	(148, 144)	21.5	1.2	137	144	37	MOLECULE: TUMOR NECROSIS FACTOR BETA	7KP7C	1TNRA	0.9487179487179487
29	23	(258, 554)	('Q54A98_HUMAN/112-240', '1d4vb')	('5BNQ:A', '1D4V:B')	(3.83e-95, 1.2499999999999998e-115)	(273.0, 327.0)	(24, 1)	(152, 163)	19.8	1.8	143	163	34	MOLECULE: TNF-RELATED APOPTOSIS INDUCING LIGAND	5BNQA	1D4VB	0.956140350877193
21	19	(78, 442)	('Q0X0E6_MOUSE/8-138', 'TNF18_HUMAN/67-170')	('7KP7:C', '3B93:A')	(6.15e-93, 2.0499999999999998e-74)	(267.0, 218.0)	(18, 13)	(148, 116)	11.2	2.5	108	123	20	MOLECULE: TUMOR NECROSIS FACTOR LIGAND SUPERFAMILY MEMBER 1          	7KP7C	3B93A	0.7777777777777778
10	0	(555, 166)	('1tnra', 'Q1L8A5_DANRE/102-234')	('1TNR:A', '7DOV:C')	(1.36e-103, 2.4199999999999997e-95)	(295.0, 273.0)	(1, 16)	(144, 148)	19.5	2.2	142	148	36	MOLECULE: LYMPHOTOXIN-ALPHA	1TNRA	7DOVC	0.904
10	9	(555, 460)	('1tnra', 'Q3U1Z9_MOUSE/164-302')	('1TNR:A', '6MKB:C')	(1.36e-103, 8.9e-101)	(295.0, 288.0)	(1, 20)	(144, 158)	12.8	2.7	123	165	19	MOLECULE: TUMOR NECROSIS FACTOR LIGAND SUPERFAMILY MEMBER 9          	1TNRA	6MKBC	0.5876288659793815
25	7	(14, 366)	('Q95LE8_CANFA/27-99', 'D2H891_AILME/97-210')	('8KB6:A', '1RJ7:E')	(1.6099999999999998e-45, 2.89e-80)	(145.0, 234.0)	(17, 31)	(89, 144)	14.6	1.9	121	149	22	MOLECULE: ECTODYSPLASIN A	8KB6A	1RJ7E	0.8222222222222222
25	16	(14, 532)	('Q95LE8_CANFA/27-99', 'O97543_AOTNA/19-149')	('8KB6:A', '5YOY:C')	(1.6099999999999998e-45, 5.31e-93)	(145.0, 268.0)	(17, 21)	(89, 151)	25.0	1.0	148	154	94	MOLECULE: TUMOR NECROSIS FACTOR	8KB6A	5YOYC	1.0
22	1	(309, 553)	('TN13B_HUMAN/168-284', '2tnfa')	('4ZCH:B', '7KP7:C')	(1.4500000000000001e-77, 4.6899999999999995e-106)	(238.0, 301.0)	(170, 1)	(286, 148)	15.5	2.0	123	148	27	MOLECULE: TUMOR NECROSIS FACTOR	4ZCHB	7KP7C	0.0
24	20	(556, 486)	('1aly', 'B4DPR8_HUMAN/73-150')	('1ALY:A', '7KX0:C')	(4.53e-103, 3.0899999999999997e-52)	(293.0, 162.0)	(1, 20)	(146, 97)	16.9	2.2	130	140	22	MOLECULE: CD70 ANTIGEN	1ALYA	7KX0C	0.7397260273972602
14	6	(254, 271)	('Q059M3_MOUSE/184-312', 'TNF14_HUMAN/112-240')	('1IQA:C', '4RSU:H')	(5.45e-95, 6.06e-93)	(273.0, 267.0)	(24, 22)	(152, 150)	19.8	2.0	143	150	25	MOLECULE: TUMOR NECROSIS FACTOR LIGAND SUPERFAMILY MEMBER 1          	1IQAC	4RSUH	0.8760330578512396
17	8	(436, 484)	('Q7TS55_MOUSE/61-166', 'CD70_HUMAN/73-191')	('7KHX:B', '7KX0:C')	(4.13e-77, 1.65e-83)	(225.0, 243.0)	(12, 20)	(117, 138)	11.5	2.8	112	140	13	MOLECULE: CD70 ANTIGEN	7KHXB	7KX0C	0.8513513513513513
28	8	(190, 484)	('TNFL6_HUMAN/160-281', 'CD70_HUMAN/73-191')	('4MSV:A', '7KX0:C')	(7.97e-87, 1.65e-83)	(251.0, 243.0)	(18, 20)	(139, 138)	17.8	2.0	128	140	21	MOLECULE: CD70 ANTIGEN	4MSVA	7KX0C	0.8818181818181818
9	4	(460, 512)	('Q3U1Z9_MOUSE/164-302', 'TNF15_HUMAN/117-251')	('6MKB:C', '2RE9:C')	(8.9e-101, 9.56e-97)	(288.0, 278.0)	(20, 30)	(158, 164)	13.4	2.5	128	164	19	MOLECULE: TNF SUPERFAMILY LIGAND TL1A	6MKBC	2RE9C	0.5510204081632653
28	17	(190, 436)	('TNFL6_HUMAN/160-281', 'Q7TS55_MOUSE/61-166')	('4MSV:A', '7KHX:B')	(7.97e-87, 4.13e-77)	(251.0, 225.0)	(18, 12)	(139, 117)	12.3	2.2	107	124	18	MOLECULE: TUMOR NECROSIS FACTOR LIGAND SUPERFAMILY MEMBER 1          	4MSVA	7KHXB	0.863013698630137
28	26	(190, 552)	('TNFL6_HUMAN/160-281', '4tsva')	('4MSV:A', '5TSW:F')	(7.97e-87, 6.62e-106)	(251.0, 301.0)	(18, 2)	(139, 148)	19.2	1.9	134	148	28	MOLECULE: PROTEIN 	4MSVA	5TSWF	0.9090909090909091
29	0	(258, 166)	('Q54A98_HUMAN/112-240', 'Q1L8A5_DANRE/102-234')	('5BNQ:A', '7DOV:C')	(3.83e-95, 2.4199999999999997e-95)	(273.0, 273.0)	(24, 16)	(152, 148)	17.0	2.2	136	148	21	MOLECULE: LYMPHOTOXIN-ALPHA	5BNQA	7DOVC	0.9122807017543859
29	9	(258, 460)	('Q54A98_HUMAN/112-240', 'Q3U1Z9_MOUSE/164-302')	('5BNQ:A', '6MKB:C')	(3.83e-95, 8.9e-101)	(273.0, 288.0)	(24, 20)	(152, 158)	14.6	2.9	137	165	15	MOLECULE: TUMOR NECROSIS FACTOR LIGAND SUPERFAMILY MEMBER 9          	5BNQA	6MKBC	0.6
21	5	(78, 529)	('Q0X0E6_MOUSE/8-138', 'TNFA_PANTR/101-232')	('7KP7:C', '5YOY:C')	(6.15e-93, 1.36e-93)	(267.0, 269.0)	(18, 21)	(148, 152)	24.8	1.1	148	154	81	MOLECULE: TUMOR NECROSIS FACTOR	7KP7C	5YOYC	0.952
29	18	(258, 101)	('Q54A98_HUMAN/112-240', 'Q6FG55_HUMAN/77-205')	('5BNQ:A', '1TNR:A')	(3.83e-95, 1.66e-91)	(273.0, 263.0)	(24, 16)	(152, 144)	19.7	2.0	139	144	24	MOLECULE: TUMOR NECROSIS FACTOR BETA	5BNQA	1TNRA	0.954954954954955
21	14	(78, 254)	('Q0X0E6_MOUSE/8-138', 'Q059M3_MOUSE/184-312')	('7KP7:C', '1IQA:C')	(6.15e-93, 5.45e-95)	(267.0, 273.0)	(18, 24)	(148, 152)	18.7	1.9	137	156	26	MOLECULE: RECEPTOR ACTIVATOR OF NUCLEAR FACTOR KAPPA B LIGA          	7KP7C	1IQAC	0.9473684210526315
10	4	(555, 512)	('1tnra', 'TNF15_HUMAN/117-251')	('1TNR:A', '2RE9:C')	(1.36e-103, 9.56e-97)	(295.0, 278.0)	(1, 30)	(144, 164)	19.6	1.7	138	164	34	MOLECULE: TNF SUPERFAMILY LIGAND TL1A	1TNRA	2RE9C	0.9347826086956522
2	0	(462, 166)	('TNFL9_HUMAN/107-240', 'Q1L8A5_DANRE/102-234')	('6CU0:A', '7DOV:C')	(7.7700000000000025e-75, 2.4199999999999997e-95)	(222.0, 273.0)	(17, 16)	(150, 148)	14.4	2.9	133	148	23	MOLECULE: LYMPHOTOXIN-ALPHA	6CU0A	7DOVC	0.8583333333333333
25	2	(14, 462)	('Q95LE8_CANFA/27-99', 'TNFL9_HUMAN/107-240')	('8KB6:A', '6CU0:A')	(1.6099999999999998e-45, 7.7700000000000025e-75)	(145.0, 222.0)	(17, 17)	(89, 150)	14.0	2.8	131	152	18	MOLECULE: TUMOR NECROSIS FACTOR LIGAND SUPERFAMILY MEMBER 9          	8KB6A	6CU0A	0.8208955223880597
13	6	(12, 271)	('TNFA_CANFA/102-233', 'TNF14_HUMAN/112-240')	('8KB6:A', '4RSU:H')	(7.799999999999999e-94, 6.06e-93)	(270.0, 267.0)	(17, 22)	(148, 150)	19.2	2.0	142	150	26	MOLECULE: TUMOR NECROSIS FACTOR LIGAND SUPERFAMILY MEMBER 1          	8KB6A	4RSUH	0.9416666666666667
24	15	(556, 467)	('1aly', 'B6DXE3_MOUSE/77-183')	('1ALY:A', '2HEY:F')	(4.53e-103, 2.08e-75)	(293.0, 221.0)	(1, 21)	(146, 127)	10.8	2.7	109	135	17	MOLECULE: TUMOR NECROSIS FACTOR LIGAND SUPERFAMILY MEMBER 4          	1ALYA	2HEYF	0.7532467532467533
16	11	(532, 437)	('O97543_AOTNA/19-149', 'Q80YG2_MOUSE/61-166')	('5YOY:C', '2Q8O:B')	(5.31e-93, 3.01e-77)	(268.0, 226.0)	(21, 13)	(151, 118)	11.9	2.2	110	125	22	MOLECULE: GITR LIGAND	5YOYC	2Q8OB	0.8548387096774194
28	3	(190, 331)	('TNFL6_HUMAN/160-281', 'Q5F2A4_MOUSE/128-240')	('4MSV:A', '1XU1:D')	(7.97e-87, 1.59e-81)	(251.0, 237.0)	(18, 25)	(139, 137)	16.8	1.9	126	137	23	MOLECULE: TUMOR NECROSIS FACTOR LIGAND SUPERFAMILY MEMBER 1          	4MSVA	1XU1D	0.883495145631068
17	3	(436, 331)	('Q7TS55_MOUSE/61-166', 'Q5F2A4_MOUSE/128-240')	('7KHX:B', '1XU1:D')	(4.13e-77, 1.59e-81)	(225.0, 237.0)	(12, 25)	(117, 137)	12.4	2.1	107	137	17	MOLECULE: TUMOR NECROSIS FACTOR LIGAND SUPERFAMILY MEMBER 1          	7KHXB	1XU1D	0.9142857142857143
5	1	(529, 553)	('TNFA_PANTR/101-232', '2tnfa')	('5YOY:C', '7KP7:C')	(1.36e-93, 4.6899999999999995e-106)	(269.0, 301.0)	(21, 1)	(152, 148)	24.8	1.1	148	148	81	MOLECULE: TUMOR NECROSIS FACTOR	5YOYC	7KP7C	0.952
28	12	(190, 232)	('TNFL6_HUMAN/160-281', 'TNF10_HUMAN/152-280')	('4MSV:A', '1D4V:B')	(7.97e-87, 2.22e-91)	(251.0, 264.0)	(18, 34)	(139, 162)	20.3	1.3	135	163	33	MOLECULE: TNF-RELATED APOPTOSIS INDUCING LIGAND	4MSVA	1D4VB	0.9259259259259259
17	12	(436, 232)	('Q7TS55_MOUSE/61-166', 'TNF10_HUMAN/152-280')	('7KHX:B', '1D4V:B')	(4.13e-77, 2.22e-91)	(225.0, 264.0)	(12, 34)	(117, 162)	11.5	2.1	107	163	21	MOLECULE: TNF-RELATED APOPTOSIS INDUCING LIGAND	7KHXB	1D4VB	0.9285714285714286
9	8	(460, 484)	('Q3U1Z9_MOUSE/164-302', 'CD70_HUMAN/73-191')	('6MKB:C', '7KX0:C')	(8.9e-101, 1.65e-83)	(288.0, 243.0)	(20, 20)	(158, 138)	13.0	2.9	129	140	20	MOLECULE: CD70 ANTIGEN	6MKBC	7KX0C	0.5567010309278351
28	21	(190, 78)	('TNFL6_HUMAN/160-281', 'Q0X0E6_MOUSE/8-138')	('4MSV:A', '7KP7:C')	(7.97e-87, 6.15e-93)	(251.0, 267.0)	(18, 18)	(139, 148)	19.9	1.8	136	148	32	MOLECULE: TUMOR NECROSIS FACTOR	4MSVA	7KP7C	0.9107142857142857
6	2	(271, 462)	('TNF14_HUMAN/112-240', 'TNFL9_HUMAN/107-240')	('4RSU:H', '6CU0:A')	(6.06e-93, 7.7700000000000025e-75)	(267.0, 222.0)	(22, 17)	(150, 150)	14.5	2.6	132	152	27	MOLECULE: TUMOR NECROSIS FACTOR LIGAND SUPERFAMILY MEMBER 9          	4RSUH	6CU0A	0.8070175438596491
29	4	(258, 512)	('Q54A98_HUMAN/112-240', 'TNF15_HUMAN/117-251')	('5BNQ:A', '2RE9:C')	(3.83e-95, 9.56e-97)	(273.0, 278.0)	(24, 30)	(152, 164)	19.7	1.8	139	164	30	MOLECULE: TNF SUPERFAMILY LIGAND TL1A	5BNQA	2RE9C	0.9509803921568627
21	0	(78, 166)	('Q0X0E6_MOUSE/8-138', 'Q1L8A5_DANRE/102-234')	('7KP7:C', '7DOV:C')	(6.15e-93, 2.4199999999999997e-95)	(267.0, 273.0)	(18, 16)	(148, 148)	18.9	2.2	141	148	32	MOLECULE: LYMPHOTOXIN-ALPHA	7KP7C	7DOVC	0.9206349206349206
21	9	(78, 460)	('Q0X0E6_MOUSE/8-138', 'Q3U1Z9_MOUSE/164-302')	('7KP7:C', '6MKB:C')	(6.15e-93, 8.9e-101)	(267.0, 288.0)	(18, 20)	(148, 158)	13.2	2.6	129	165	19	MOLECULE: TUMOR NECROSIS FACTOR LIGAND SUPERFAMILY MEMBER 9          	7KP7C	6MKBC	0.5728155339805825
13	1	(12, 553)	('TNFA_CANFA/102-233', '2tnfa')	('8KB6:A', '7KP7:C')	(7.799999999999999e-94, 4.6899999999999995e-106)	(270.0, 301.0)	(17, 1)	(148, 148)	25.9	0.8	147	148	82	MOLECULE: TUMOR NECROSIS FACTOR	8KB6A	7KP7C	0.946969696969697
24	1	(556, 553)	('1aly', '2tnfa')	('1ALY:A', '7KP7:C')	(4.53e-103, 4.6899999999999995e-106)	(293.0, 301.0)	(1, 1)	(146, 148)	18.7	2.1	137	148	25	MOLECULE: TUMOR NECROSIS FACTOR	1ALYA	7KP7C	0.7555555555555555
13	10	(12, 555)	('TNFA_CANFA/102-233', '1tnra')	('8KB6:A', '1TNR:A')	(7.799999999999999e-94, 1.36e-103)	(270.0, 295.0)	(17, 1)	(148, 144)	21.3	1.2	137	144	36	MOLECULE: TUMOR NECROSIS FACTOR BETA	8KB6A	1TNRA	0.940677966101695
24	10	(556, 555)	('1aly', '1tnra')	('1ALY:A', '1TNR:A')	(4.53e-103, 1.36e-103)	(293.0, 295.0)	(1, 1)	(146, 144)	17.9	2.0	132	144	23	MOLECULE: TUMOR NECROSIS FACTOR BETA	1ALYA	1TNRA	0.7692307692307693
16	6	(532, 271)	('O97543_AOTNA/19-149', 'TNF14_HUMAN/112-240')	('5YOY:C', '4RSU:H')	(5.31e-93, 6.06e-93)	(268.0, 267.0)	(21, 22)	(151, 150)	19.0	2.3	145	150	28	MOLECULE: TUMOR NECROSIS FACTOR LIGAND SUPERFAMILY MEMBER 1          	5YOYC	4RSUH	0.9603174603174603
24	19	(556, 442)	('1aly', 'TNF18_HUMAN/67-170')	('1ALY:A', '3B93:A')	(4.53e-103, 2.0499999999999998e-74)	(293.0, 218.0)	(1, 13)	(146, 116)	12.0	2.7	111	123	24	MOLECULE: TUMOR NECROSIS FACTOR LIGAND SUPERFAMILY MEMBER 1          	1ALYA	3B93A	0.75
16	15	(532, 467)	('O97543_AOTNA/19-149', 'B6DXE3_MOUSE/77-183')	('5YOY:C', '2HEY:F')	(5.31e-93, 2.08e-75)	(268.0, 221.0)	(21, 21)	(151, 127)	10.2	2.7	107	135	16	MOLECULE: TUMOR NECROSIS FACTOR LIGAND SUPERFAMILY MEMBER 4          	5YOYC	2HEYF	0.8450704225352113
17	7	(436, 366)	('Q7TS55_MOUSE/61-166', 'D2H891_AILME/97-210')	('7KHX:B', '1RJ7:E')	(4.13e-77, 2.89e-80)	(225.0, 234.0)	(12, 31)	(117, 144)	12.6	2.2	111	149	21	MOLECULE: ECTODYSPLASIN A	7KHXB	1RJ7E	0.95
28	7	(190, 366)	('TNFL6_HUMAN/160-281', 'D2H891_AILME/97-210')	('4MSV:A', '1RJ7:E')	(7.97e-87, 2.89e-80)	(251.0, 234.0)	(18, 31)	(139, 144)	15.9	2.2	123	149	23	MOLECULE: ECTODYSPLASIN A	4MSVA	1RJ7E	0.8494623655913979
9	3	(460, 331)	('Q3U1Z9_MOUSE/164-302', 'Q5F2A4_MOUSE/128-240')	('6MKB:C', '1XU1:D')	(8.9e-101, 1.59e-81)	(288.0, 237.0)	(20, 25)	(158, 137)	12.1	2.5	120	137	13	MOLECULE: TUMOR NECROSIS FACTOR LIGAND SUPERFAMILY MEMBER 1          	6MKBC	1XU1D	0.5882352941176471
28	16	(190, 532)	('TNFL6_HUMAN/160-281', 'O97543_AOTNA/19-149')	('4MSV:A', '5YOY:C')	(7.97e-87, 5.31e-93)	(251.0, 268.0)	(18, 21)	(139, 151)	19.6	1.9	136	154	29	MOLECULE: TUMOR NECROSIS FACTOR	4MSVA	5YOYC	0.897196261682243
17	16	(436, 532)	('Q7TS55_MOUSE/61-166', 'O97543_AOTNA/19-149')	('7KHX:B', '5YOY:C')	(4.13e-77, 5.31e-93)	(225.0, 268.0)	(12, 21)	(117, 151)	11.4	2.4	111	154	22	MOLECULE: TUMOR NECROSIS FACTOR	7KHXB	5YOYC	0.8571428571428571
21	4	(78, 512)	('Q0X0E6_MOUSE/8-138', 'TNF15_HUMAN/117-251')	('7KP7:C', '2RE9:C')	(6.15e-93, 9.56e-97)	(267.0, 278.0)	(18, 30)	(148, 164)	19.5	2.0	140	164	33	MOLECULE: TNF SUPERFAMILY LIGAND TL1A	7KP7C	2RE9C	0.979381443298969
20	8	(486, 484)	('B4DPR8_HUMAN/73-150', 'CD70_HUMAN/73-191')	('7KX0:C', '7KX0:C')	(3.0899999999999997e-52, 1.65e-83)	(162.0, 243.0)	(20, 20)	(97, 138)	30.4	0.0	140	140	100	MOLECULE: CD70 ANTIGEN	7KX0C	7KX0C	0.9367088607594937
20	17	(486, 436)	('B4DPR8_HUMAN/73-150', 'Q7TS55_MOUSE/61-166')	('7KX0:C', '7KHX:B')	(3.0899999999999997e-52, 4.13e-77)	(162.0, 225.0)	(20, 12)	(97, 117)	11.5	2.8	112	124	13	MOLECULE: TUMOR NECROSIS FACTOR LIGAND SUPERFAMILY MEMBER 1          	7KX0C	7KHXB	0.7777777777777778
23	13	(554, 12)	('1d4vb', 'TNFA_CANFA/102-233')	('1D4V:B', '8KB6:A')	(1.2499999999999998e-115, 7.799999999999999e-94)	(327.0, 270.0)	(1, 17)	(163, 148)	18.1	1.6	137	148	23	MOLECULE: TUMOR NECROSIS FACTOR	1D4VB	8KB6A	0.9351851851851852
23	22	(554, 309)	('1d4vb', 'TN13B_HUMAN/168-284')	('1D4V:B', '4ZCH:B')	(1.2499999999999998e-115, 1.4500000000000001e-77)	(327.0, 238.0)	(1, 170)	(163, 286)	15.8	1.8	124	419	19	MOLECULE: TUMOR NECROSIS FACTOR LIGAND SUPERFAMILY MEMBER 1          	1D4VB	4ZCHB	0.0
24	5	(556, 529)	('1aly', 'TNFA_PANTR/101-232')	('1ALY:A', '5YOY:C')	(4.53e-103, 1.36e-93)	(293.0, 269.0)	(1, 21)	(146, 152)	18.2	2.1	139	154	26	MOLECULE: TUMOR NECROSIS FACTOR	1ALYA	5YOYC	0.8434782608695652
13	5	(12, 529)	('TNFA_CANFA/102-233', 'TNFA_PANTR/101-232')	('8KB6:A', '5YOY:C')	(7.799999999999999e-94, 1.36e-93)	(270.0, 269.0)	(17, 21)	(148, 152)	25.0	1.0	148	154	94	MOLECULE: TUMOR NECROSIS FACTOR	8KB6A	5YOYC	1.0
16	1	(532, 553)	('O97543_AOTNA/19-149', '2tnfa')	('5YOY:C', '7KP7:C')	(5.31e-93, 4.6899999999999995e-106)	(268.0, 301.0)	(21, 1)	(151, 148)	24.8	1.1	148	148	81	MOLECULE: TUMOR NECROSIS FACTOR	5YOYC	7KP7C	0.952
24	14	(556, 254)	('1aly', 'Q059M3_MOUSE/184-312')	('1ALY:A', '1IQA:C')	(4.53e-103, 5.45e-95)	(293.0, 273.0)	(1, 24)	(146, 152)	17.8	1.9	135	156	27	MOLECULE: RECEPTOR ACTIVATOR OF NUCLEAR FACTOR KAPPA B LIGA          	1ALYA	1IQAC	0.875
16	10	(532, 555)	('O97543_AOTNA/19-149', '1tnra')	('5YOY:C', '1TNR:A')	(5.31e-93, 1.36e-103)	(268.0, 295.0)	(21, 1)	(151, 144)	21.2	1.4	138	144	36	MOLECULE: TUMOR NECROSIS FACTOR BETA	5YOYC	1TNRA	0.9369369369369369
24	23	(556, 554)	('1aly', '1d4vb')	('1ALY:A', '1D4V:B')	(4.53e-103, 1.2499999999999998e-115)	(293.0, 327.0)	(1, 1)	(146, 163)	17.9	1.8	134	163	24	MOLECULE: TNF-RELATED APOPTOSIS INDUCING LIGAND	1ALYA	1D4VB	0.7542372881355932
17	2	(436, 462)	('Q7TS55_MOUSE/61-166', 'TNFL9_HUMAN/107-240')	('7KHX:B', '6CU0:A')	(4.13e-77, 7.7700000000000025e-75)	(225.0, 222.0)	(12, 17)	(117, 150)	9.9	2.8	107	152	11	MOLECULE: TUMOR NECROSIS FACTOR LIGAND SUPERFAMILY MEMBER 9          	7KHXB	6CU0A	0.9117647058823529
28	2	(190, 462)	('TNFL6_HUMAN/160-281', 'TNFL9_HUMAN/107-240')	('4MSV:A', '6CU0:A')	(7.97e-87, 7.7700000000000025e-75)	(251.0, 222.0)	(18, 17)	(139, 150)	15.3	2.3	127	152	19	MOLECULE: TUMOR NECROSIS FACTOR LIGAND SUPERFAMILY MEMBER 9          	4MSVA	6CU0A	0.819047619047619
5	0	(529, 166)	('TNFA_PANTR/101-232', 'Q1L8A5_DANRE/102-234')	('5YOY:C', '7DOV:C')	(1.36e-93, 2.4199999999999997e-95)	(269.0, 273.0)	(21, 16)	(152, 148)	18.8	2.0	141	148	30	MOLECULE: LYMPHOTOXIN-ALPHA	5YOYC	7DOVC	0.9166666666666666
17	11	(436, 437)	('Q7TS55_MOUSE/61-166', 'Q80YG2_MOUSE/61-166')	('7KHX:B', '2Q8O:B')	(4.13e-77, 3.01e-77)	(225.0, 226.0)	(12, 13)	(117, 118)	22.7	0.5	124	125	99	MOLECULE: GITR LIGAND	7KHXB	2Q8OB	1.0
28	11	(190, 437)	('TNFL6_HUMAN/160-281', 'Q80YG2_MOUSE/61-166')	('4MSV:A', '2Q8O:B')	(7.97e-87, 3.01e-77)	(251.0, 226.0)	(18, 13)	(139, 118)	12.9	2.2	107	125	19	MOLECULE: GITR LIGAND	4MSVA	2Q8OB	0.8513513513513513
9	7	(460, 366)	('Q3U1Z9_MOUSE/164-302', 'D2H891_AILME/97-210')	('6MKB:C', '1RJ7:E')	(8.9e-101, 2.89e-80)	(288.0, 234.0)	(20, 31)	(158, 144)	13.7	2.6	132	149	16	MOLECULE: ECTODYSPLASIN A	6MKBC	1RJ7E	0.550561797752809
27	15	(418, 467)	('CD40L_HUMAN/138-261', 'B6DXE3_MOUSE/77-183')	('1ALY:A', '2HEY:F')	(2.69e-87, 2.08e-75)	(253.0, 221.0)	(23, 21)	(146, 127)	10.8	2.7	109	135	17	MOLECULE: TUMOR NECROSIS FACTOR LIGAND SUPERFAMILY MEMBER 4          	1ALYA	2HEYF	0.7733333333333333
27	24	(418, 556)	('CD40L_HUMAN/138-261', '1aly')	('1ALY:A', '1ALY:A')	(2.69e-87, 4.53e-103)	(253.0, 293.0)	(23, 1)	(146, 146)	30.6	0.0	146	146	100	MOLECULE: CD40 LIGAND	1ALYA	1ALYA	0.992
6	1	(271, 553)	('TNF14_HUMAN/112-240', '2tnfa')	('4RSU:H', '7KP7:C')	(6.06e-93, 4.6899999999999995e-106)	(267.0, 301.0)	(22, 1)	(150, 148)	19.4	2.3	144	148	30	MOLECULE: TUMOR NECROSIS FACTOR	4RSUH	7KP7C	0.9672131147540983
20	3	(486, 331)	('B4DPR8_HUMAN/73-150', 'Q5F2A4_MOUSE/128-240')	('7KX0:C', '1XU1:D')	(3.0899999999999997e-52, 1.59e-81)	(162.0, 237.0)	(20, 25)	(97, 137)	16.1	2.0	123	137	20	MOLECULE: TUMOR NECROSIS FACTOR LIGAND SUPERFAMILY MEMBER 1          	7KX0C	1XU1D	0.847457627118644
20	12	(486, 232)	('B4DPR8_HUMAN/73-150', 'TNF10_HUMAN/152-280')	('7KX0:C', '1D4V:B')	(3.0899999999999997e-52, 2.22e-91)	(162.0, 264.0)	(20, 34)	(97, 162)	15.9	2.5	131	163	19	MOLECULE: TNF-RELATED APOPTOSIS INDUCING LIGAND	7KX0C	1D4VB	0.9130434782608695
12	8	(232, 484)	('TNF10_HUMAN/152-280', 'CD70_HUMAN/73-191')	('1D4V:B', '7KX0:C')	(2.22e-91, 1.65e-83)	(264.0, 243.0)	(34, 20)	(162, 138)	15.9	2.5	132	140	19	MOLECULE: CD70 ANTIGEN	1D4VB	7KX0C	0.9102564102564102
23	8	(554, 484)	('1d4vb', 'CD70_HUMAN/73-191')	('1D4V:B', '7KX0:C')	(1.2499999999999998e-115, 1.65e-83)	(327.0, 243.0)	(1, 20)	(163, 138)	15.9	2.5	132	140	19	MOLECULE: CD70 ANTIGEN	1D4VB	7KX0C	0.8791208791208791
23	17	(554, 436)	('1d4vb', 'Q7TS55_MOUSE/61-166')	('1D4V:B', '7KHX:B')	(1.2499999999999998e-115, 4.13e-77)	(327.0, 225.0)	(1, 12)	(163, 117)	11.5	2.1	107	124	21	MOLECULE: TUMOR NECROSIS FACTOR LIGAND SUPERFAMILY MEMBER 1          	1D4VB	7KHXB	0.8392857142857143
24	0	(556, 166)	('1aly', 'Q1L8A5_DANRE/102-234')	('1ALY:A', '7DOV:C')	(4.53e-103, 2.4199999999999997e-95)	(293.0, 273.0)	(1, 16)	(146, 148)	18.4	1.5	133	148	23	MOLECULE: LYMPHOTOXIN-ALPHA	1ALYA	7DOVC	0.8389830508474576
13	0	(12, 166)	('TNFA_CANFA/102-233', 'Q1L8A5_DANRE/102-234')	('8KB6:A', '7DOV:C')	(7.799999999999999e-94, 2.4199999999999997e-95)	(270.0, 273.0)	(17, 16)	(148, 148)	19.3	1.9	141	148	33	MOLECULE: LYMPHOTOXIN-ALPHA	8KB6A	7DOVC	0.921875
24	9	(556, 460)	('1aly', 'Q3U1Z9_MOUSE/164-302')	('1ALY:A', '6MKB:C')	(4.53e-103, 8.9e-101)	(293.0, 288.0)	(1, 20)	(146, 158)	14.0	2.8	131	165	18	MOLECULE: TUMOR NECROSIS FACTOR LIGAND SUPERFAMILY MEMBER 9          	1ALYA	6MKBC	0.5961538461538461
13	9	(12, 460)	('TNFA_CANFA/102-233', 'Q3U1Z9_MOUSE/164-302')	('8KB6:A', '6MKB:C')	(7.799999999999999e-94, 8.9e-101)	(270.0, 288.0)	(17, 20)	(148, 158)	13.1	2.3	128	165	17	MOLECULE: TUMOR NECROSIS FACTOR LIGAND SUPERFAMILY MEMBER 9          	8KB6A	6MKBC	0.5784313725490197
16	5	(532, 529)	('O97543_AOTNA/19-149', 'TNFA_PANTR/101-232')	('5YOY:C', '5YOY:C')	(5.31e-93, 1.36e-93)	(268.0, 269.0)	(21, 21)	(151, 152)	29.6	0.0	154	154	100	MOLECULE: TUMOR NECROSIS FACTOR	5YOYC	5YOYC	0.9924242424242424
24	18	(556, 101)	('1aly', 'Q6FG55_HUMAN/77-205')	('1ALY:A', '1TNR:A')	(4.53e-103, 1.66e-91)	(293.0, 263.0)	(1, 16)	(146, 144)	17.9	2.0	132	144	23	MOLECULE: TUMOR NECROSIS FACTOR BETA	1ALYA	1TNRA	0.8620689655172413
16	14	(532, 254)	('O97543_AOTNA/19-149', 'Q059M3_MOUSE/184-312')	('5YOY:C', '1IQA:C')	(5.31e-93, 5.45e-95)	(268.0, 273.0)	(21, 24)	(151, 152)	18.6	2.0	140	156	22	MOLECULE: RECEPTOR ACTIVATOR OF NUCLEAR FACTOR KAPPA B LIGA          	5YOYC	1IQAC	0.9256198347107438
5	4	(529, 512)	('TNFA_PANTR/101-232', 'TNF15_HUMAN/117-251')	('5YOY:C', '2RE9:C')	(1.36e-93, 9.56e-97)	(269.0, 278.0)	(21, 30)	(152, 164)	19.2	2.2	142	164	31	MOLECULE: TNF SUPERFAMILY LIGAND TL1A	5YOYC	2RE9C	0.9904761904761905
9	2	(460, 462)	('Q3U1Z9_MOUSE/164-302', 'TNFL9_HUMAN/107-240')	('6MKB:C', '6CU0:A')	(8.9e-101, 7.7700000000000025e-75)	(288.0, 222.0)	(20, 17)	(158, 150)	19.2	2.0	146	152	40	MOLECULE: TUMOR NECROSIS FACTOR LIGAND SUPERFAMILY MEMBER 9          	6MKBC	6CU0A	0.6694915254237288
27	10	(418, 555)	('CD40L_HUMAN/138-261', '1tnra')	('1ALY:A', '1TNR:A')	(2.69e-87, 1.36e-103)	(253.0, 295.0)	(23, 1)	(146, 144)	17.9	2.0	132	144	23	MOLECULE: TUMOR NECROSIS FACTOR BETA	1ALYA	1TNRA	0.8623853211009175
8	6	(484, 271)	('CD70_HUMAN/73-191', 'TNF14_HUMAN/112-240')	('7KX0:C', '4RSU:H')	(1.65e-83, 6.06e-93)	(243.0, 267.0)	(20, 22)	(138, 150)	17.1	2.2	131	150	19	MOLECULE: TUMOR NECROSIS FACTOR LIGAND SUPERFAMILY MEMBER 1          	7KX0C	4RSUH	0.8514851485148515
27	19	(418, 442)	('CD40L_HUMAN/138-261', 'TNF18_HUMAN/67-170')	('1ALY:A', '3B93:A')	(2.69e-87, 2.0499999999999998e-74)	(253.0, 218.0)	(23, 13)	(146, 116)	12.0	2.7	111	123	24	MOLECULE: TUMOR NECROSIS FACTOR LIGAND SUPERFAMILY MEMBER 1          	1ALYA	3B93A	0.84375
19	15	(442, 467)	('TNF18_HUMAN/67-170', 'B6DXE3_MOUSE/77-183')	('3B93:A', '2HEY:F')	(2.0499999999999998e-74, 2.08e-75)	(218.0, 221.0)	(13, 21)	(116, 127)	8.8	2.6	100	135	16	MOLECULE: TUMOR NECROSIS FACTOR LIGAND SUPERFAMILY MEMBER 4          	3B93A	2HEYF	0.8289473684210527
20	7	(486, 366)	('B4DPR8_HUMAN/73-150', 'D2H891_AILME/97-210')	('7KX0:C', '1RJ7:E')	(3.0899999999999997e-52, 2.89e-80)	(162.0, 234.0)	(20, 31)	(97, 144)	14.9	1.9	120	149	18	MOLECULE: ECTODYSPLASIN A	7KX0C	1RJ7E	0.7272727272727273
23	3	(554, 331)	('1d4vb', 'Q5F2A4_MOUSE/128-240')	('1D4V:B', '1XU1:D')	(1.2499999999999998e-115, 1.59e-81)	(327.0, 237.0)	(1, 25)	(163, 137)	15.3	2.4	127	137	19	MOLECULE: TUMOR NECROSIS FACTOR LIGAND SUPERFAMILY MEMBER 1          	1D4VB	1XU1D	0.8795180722891566
12	3	(232, 331)	('TNF10_HUMAN/152-280', 'Q5F2A4_MOUSE/128-240')	('1D4V:B', '1XU1:D')	(2.22e-91, 1.59e-81)	(264.0, 237.0)	(34, 25)	(162, 137)	15.3	2.4	127	137	19	MOLECULE: TUMOR NECROSIS FACTOR LIGAND SUPERFAMILY MEMBER 1          	1D4VB	1XU1D	0.9333333333333333
20	16	(486, 532)	('B4DPR8_HUMAN/73-150', 'O97543_AOTNA/19-149')	('7KX0:C', '5YOY:C')	(3.0899999999999997e-52, 5.31e-93)	(162.0, 268.0)	(20, 21)	(97, 151)	15.1	2.1	123	154	21	MOLECULE: TUMOR NECROSIS FACTOR	7KX0C	5YOYC	0.8591549295774648
23	12	(554, 232)	('1d4vb', 'TNF10_HUMAN/152-280')	('1D4V:B', '1D4V:B')	(1.2499999999999998e-115, 2.22e-91)	(327.0, 264.0)	(1, 34)	(163, 162)	32.4	0.0	163	163	100	MOLECULE: TNF-RELATED APOPTOSIS INDUCING LIGAND	1D4VB	1D4VB	0.9846153846153847
23	21	(554, 78)	('1d4vb', 'Q0X0E6_MOUSE/8-138')	('1D4V:B', '7KP7:C')	(1.2499999999999998e-115, 6.15e-93)	(327.0, 267.0)	(1, 18)	(163, 148)	17.8	2.0	139	148	21	MOLECULE: TUMOR NECROSIS FACTOR	1D4VB	7KP7C	0.8990825688073395
24	4	(556, 512)	('1aly', 'TNF15_HUMAN/117-251')	('1ALY:A', '2RE9:C')	(4.53e-103, 9.56e-97)	(293.0, 278.0)	(1, 30)	(146, 164)	19.5	2.1	140	164	27	MOLECULE: TNF SUPERFAMILY LIGAND TL1A	1ALYA	2RE9C	0.8541666666666666
13	4	(12, 512)	('TNFA_CANFA/102-233', 'TNF15_HUMAN/117-251')	('8KB6:A', '2RE9:C')	(7.799999999999999e-94, 9.56e-97)	(270.0, 278.0)	(17, 30)	(148, 164)	19.3	1.9	140	164	32	MOLECULE: TNF SUPERFAMILY LIGAND TL1A	8KB6A	2RE9C	0.9896907216494846
16	0	(532, 166)	('O97543_AOTNA/19-149', 'Q1L8A5_DANRE/102-234')	('5YOY:C', '7DOV:C')	(5.31e-93, 2.4199999999999997e-95)	(268.0, 273.0)	(21, 16)	(151, 148)	18.8	2.0	141	148	30	MOLECULE: LYMPHOTOXIN-ALPHA	5YOYC	7DOVC	0.9166666666666666
16	9	(532, 460)	('O97543_AOTNA/19-149', 'Q3U1Z9_MOUSE/164-302')	('5YOY:C', '6MKB:C')	(5.31e-93, 8.9e-101)	(268.0, 288.0)	(21, 20)	(151, 158)	13.4	2.8	132	165	17	MOLECULE: TUMOR NECROSIS FACTOR LIGAND SUPERFAMILY MEMBER 9          	5YOYC	6MKBC	0.5740740740740741
26	22	(552, 309)	('4tsva', 'TN13B_HUMAN/168-284')	('5TSW:F', '4ZCH:B')	(6.62e-106, 1.4500000000000001e-77)	(301.0, 238.0)	(2, 170)	(148, 286)	14.9	2.1	121	419	28	MOLECULE: TUMOR NECROSIS FACTOR LIGAND SUPERFAMILY MEMBER 1          	5TSWF	4ZCHB	0.0
27	5	(418, 529)	('CD40L_HUMAN/138-261', 'TNFA_PANTR/101-232')	('1ALY:A', '5YOY:C')	(2.69e-87, 1.36e-93)	(253.0, 269.0)	(23, 21)	(146, 152)	18.2	2.1	139	154	26	MOLECULE: TUMOR NECROSIS FACTOR	1ALYA	5YOYC	0.8495575221238938
19	1	(442, 553)	('TNF18_HUMAN/67-170', '2tnfa')	('3B93:A', '7KP7:C')	(2.0499999999999998e-74, 4.6899999999999995e-106)	(218.0, 301.0)	(13, 1)	(116, 148)	11.2	2.5	108	148	20	MOLECULE: TUMOR NECROSIS FACTOR	3B93A	7KP7C	0.7205882352941176
8	1	(484, 553)	('CD70_HUMAN/73-191', '2tnfa')	('7KX0:C', '7KP7:C')	(1.65e-83, 4.6899999999999995e-106)	(243.0, 301.0)	(20, 1)	(138, 148)	15.0	2.2	122	148	24	MOLECULE: TUMOR NECROSIS FACTOR	7KX0C	7KP7C	0.85
27	14	(418, 254)	('CD40L_HUMAN/138-261', 'Q059M3_MOUSE/184-312')	('1ALY:A', '1IQA:C')	(2.69e-87, 5.45e-95)	(253.0, 273.0)	(23, 24)	(146, 152)	17.8	1.9	135	156	27	MOLECULE: RECEPTOR ACTIVATOR OF NUCLEAR FACTOR KAPPA B LIGA          	1ALYA	1IQAC	0.875
19	10	(442, 555)	('TNF18_HUMAN/67-170', '1tnra')	('3B93:A', '1TNR:A')	(2.0499999999999998e-74, 1.36e-103)	(218.0, 295.0)	(13, 1)	(116, 144)	10.8	2.6	104	144	13	MOLECULE: TUMOR NECROSIS FACTOR BETA	3B93A	1TNRA	0.7058823529411765
27	23	(418, 554)	('CD40L_HUMAN/138-261', '1d4vb')	('1ALY:A', '1D4V:B')	(2.69e-87, 1.2499999999999998e-115)	(253.0, 327.0)	(23, 1)	(146, 163)	17.9	1.8	134	163	24	MOLECULE: TNF-RELATED APOPTOSIS INDUCING LIGAND	1ALYA	1D4VB	0.8725490196078431
11	6	(437, 271)	('Q80YG2_MOUSE/61-166', 'TNF14_HUMAN/112-240')	('2Q8O:B', '4RSU:H')	(3.01e-77, 6.06e-93)	(226.0, 267.0)	(13, 22)	(118, 150)	12.4	2.1	110	150	17	MOLECULE: TUMOR NECROSIS FACTOR LIGAND SUPERFAMILY MEMBER 1          	2Q8OB	4RSUH	0.84375
20	2	(486, 462)	('B4DPR8_HUMAN/73-150', 'TNFL9_HUMAN/107-240')	('7KX0:C', '6CU0:A')	(3.0899999999999997e-52, 7.7700000000000025e-75)	(162.0, 222.0)	(20, 17)	(97, 150)	14.9	2.2	123	152	24	MOLECULE: TUMOR NECROSIS FACTOR LIGAND SUPERFAMILY MEMBER 9          	7KX0C	6CU0A	0.7352941176470589
20	11	(486, 437)	('B4DPR8_HUMAN/73-150', 'Q80YG2_MOUSE/61-166')	('7KX0:C', '2Q8O:B')	(3.0899999999999997e-52, 3.01e-77)	(162.0, 226.0)	(20, 13)	(97, 118)	12.0	2.8	111	125	14	MOLECULE: GITR LIGAND	7KX0C	2Q8OB	0.7777777777777778
12	7	(232, 366)	('TNF10_HUMAN/152-280', 'D2H891_AILME/97-210')	('1D4V:B', '1RJ7:E')	(2.22e-91, 2.89e-80)	(264.0, 234.0)	(34, 31)	(162, 144)	15.6	1.8	123	149	24	MOLECULE: ECTODYSPLASIN A	1D4VB	1RJ7E	0.872093023255814
23	7	(554, 366)	('1d4vb', 'D2H891_AILME/97-210')	('1D4V:B', '1RJ7:E')	(1.2499999999999998e-115, 2.89e-80)	(327.0, 234.0)	(1, 31)	(163, 144)	15.6	1.8	123	149	24	MOLECULE: ECTODYSPLASIN A	1D4VB	1RJ7E	0.8539325842696629
4	3	(512, 331)	('TNF15_HUMAN/117-251', 'Q5F2A4_MOUSE/128-240')	('2RE9:C', '1XU1:D')	(9.56e-97, 1.59e-81)	(278.0, 237.0)	(30, 25)	(164, 137)	16.7	2.0	133	137	20	MOLECULE: TUMOR NECROSIS FACTOR LIGAND SUPERFAMILY MEMBER 1          	2RE9C	1XU1D	0.8607594936708861
23	16	(554, 532)	('1d4vb', 'O97543_AOTNA/19-149')	('1D4V:B', '5YOY:C')	(1.2499999999999998e-115, 5.31e-93)	(327.0, 268.0)	(1, 21)	(163, 151)	17.9	2.0	141	154	23	MOLECULE: TUMOR NECROSIS FACTOR	1D4VB	5YOYC	0.911504424778761
16	4	(532, 512)	('O97543_AOTNA/19-149', 'TNF15_HUMAN/117-251')	('5YOY:C', '2RE9:C')	(5.31e-93, 9.56e-97)	(268.0, 278.0)	(21, 30)	(151, 164)	19.2	2.2	142	164	31	MOLECULE: TNF SUPERFAMILY LIGAND TL1A	5YOYC	2RE9C	0.9903846153846154
26	8	(552, 484)	('4tsva', 'CD70_HUMAN/73-191')	('5TSW:F', '7KX0:C')	(6.62e-106, 1.65e-83)	(301.0, 243.0)	(2, 20)	(148, 138)	14.4	2.3	121	140	20	MOLECULE: CD70 ANTIGEN	5TSWF	7KX0C	0.8181818181818182
15	8	(467, 484)	('B6DXE3_MOUSE/77-183', 'CD70_HUMAN/73-191')	('2HEY:F', '7KX0:C')	(2.08e-75, 1.65e-83)	(221.0, 243.0)	(21, 20)	(127, 138)	12.5	2.4	113	140	13	MOLECULE: CD70 ANTIGEN	2HEYF	7KX0C	0.7647058823529411
26	17	(552, 436)	('4tsva', 'Q7TS55_MOUSE/61-166')	('5TSW:F', '7KHX:B')	(6.62e-106, 4.13e-77)	(301.0, 225.0)	(2, 12)	(148, 117)	10.9	2.4	106	124	22	MOLECULE: TUMOR NECROSIS FACTOR LIGAND SUPERFAMILY MEMBER 1          	5TSWF	7KHXB	0.8676470588235294
18	13	(101, 12)	('Q6FG55_HUMAN/77-205', 'TNFA_CANFA/102-233')	('1TNR:A', '8KB6:A')	(1.66e-91, 7.799999999999999e-94)	(263.0, 270.0)	(16, 17)	(144, 148)	21.3	1.2	138	148	36	MOLECULE: TUMOR NECROSIS FACTOR	1TNRA	8KB6A	0.9411764705882353
27	0	(418, 166)	('CD40L_HUMAN/138-261', 'Q1L8A5_DANRE/102-234')	('1ALY:A', '7DOV:C')	(2.69e-87, 2.4199999999999997e-95)	(253.0, 273.0)	(23, 16)	(146, 148)	18.4	1.5	133	148	23	MOLECULE: LYMPHOTOXIN-ALPHA	1ALYA	7DOVC	0.8392857142857143
27	9	(418, 460)	('CD40L_HUMAN/138-261', 'Q3U1Z9_MOUSE/164-302')	('1ALY:A', '6MKB:C')	(2.69e-87, 8.9e-101)	(253.0, 288.0)	(23, 20)	(146, 158)	14.0	2.8	131	165	18	MOLECULE: TUMOR NECROSIS FACTOR LIGAND SUPERFAMILY MEMBER 9          	1ALYA	6MKBC	0.594059405940594
8	5	(484, 529)	('CD70_HUMAN/73-191', 'TNFA_PANTR/101-232')	('7KX0:C', '5YOY:C')	(1.65e-83, 1.36e-93)	(243.0, 269.0)	(20, 21)	(138, 152)	15.1	2.1	123	154	21	MOLECULE: TUMOR NECROSIS FACTOR	7KX0C	5YOYC	0.8571428571428571
19	5	(442, 529)	('TNF18_HUMAN/67-170', 'TNFA_PANTR/101-232')	('3B93:A', '5YOY:C')	(2.0499999999999998e-74, 1.36e-93)	(218.0, 269.0)	(13, 21)	(116, 152)	11.1	2.4	107	154	23	MOLECULE: TUMOR NECROSIS FACTOR	3B93A	5YOYC	0.7857142857142857
27	18	(418, 101)	('CD40L_HUMAN/138-261', 'Q6FG55_HUMAN/77-205')	('1ALY:A', '1TNR:A')	(2.69e-87, 1.66e-91)	(253.0, 263.0)	(23, 16)	(146, 144)	17.9	2.0	132	144	23	MOLECULE: TUMOR NECROSIS FACTOR BETA	1ALYA	1TNRA	0.8623853211009175
11	1	(437, 553)	('Q80YG2_MOUSE/61-166', '2tnfa')	('2Q8O:B', '7KP7:C')	(3.01e-77, 4.6899999999999995e-106)	(226.0, 301.0)	(13, 1)	(118, 148)	11.9	2.4	111	148	18	MOLECULE: TUMOR NECROSIS FACTOR	2Q8OB	7KP7C	0.8082191780821918
19	14	(442, 254)	('TNF18_HUMAN/67-170', 'Q059M3_MOUSE/184-312')	('3B93:A', '1IQA:C')	(2.0499999999999998e-74, 5.45e-95)	(218.0, 273.0)	(13, 24)	(116, 152)	11.4	2.8	110	156	18	MOLECULE: RECEPTOR ACTIVATOR OF NUCLEAR FACTOR KAPPA B LIGA          	3B93A	1IQAC	0.8
11	10	(437, 555)	('Q80YG2_MOUSE/61-166', '1tnra')	('2Q8O:B', '1TNR:A')	(3.01e-77, 1.36e-103)	(226.0, 295.0)	(13, 1)	(118, 144)	11.8	2.2	105	144	14	MOLECULE: TUMOR NECROSIS FACTOR BETA	2Q8OB	1TNRA	0.8450704225352113
20	6	(486, 271)	('B4DPR8_HUMAN/73-150', 'TNF14_HUMAN/112-240')	('7KX0:C', '4RSU:H')	(3.0899999999999997e-52, 6.06e-93)	(162.0, 267.0)	(20, 22)	(97, 150)	17.1	2.2	131	150	19	MOLECULE: TUMOR NECROSIS FACTOR LIGAND SUPERFAMILY MEMBER 1          	7KX0C	4RSUH	0.8732394366197183
12	2	(232, 462)	('TNF10_HUMAN/152-280', 'TNFL9_HUMAN/107-240')	('1D4V:B', '6CU0:A')	(2.22e-91, 7.7700000000000025e-75)	(264.0, 222.0)	(34, 17)	(162, 150)	14.3	2.5	132	152	17	MOLECULE: TUMOR NECROSIS FACTOR LIGAND SUPERFAMILY MEMBER 9          	1D4VB	6CU0A	0.9368421052631579
23	2	(554, 462)	('1d4vb', 'TNFL9_HUMAN/107-240')	('1D4V:B', '6CU0:A')	(1.2499999999999998e-115, 7.7700000000000025e-75)	(327.0, 222.0)	(1, 17)	(163, 150)	14.3	2.5	132	152	17	MOLECULE: TUMOR NECROSIS FACTOR LIGAND SUPERFAMILY MEMBER 9          	1D4VB	6CU0A	0.8558558558558559
12	11	(232, 437)	('TNF10_HUMAN/152-280', 'Q80YG2_MOUSE/61-166')	('1D4V:B', '2Q8O:B')	(2.22e-91, 3.01e-77)	(264.0, 226.0)	(34, 13)	(162, 118)	12.0	2.2	108	125	20	MOLECULE: GITR LIGAND	1D4VB	2Q8OB	0.9302325581395349
23	11	(554, 437)	('1d4vb', 'Q80YG2_MOUSE/61-166')	('1D4V:B', '2Q8O:B')	(1.2499999999999998e-115, 3.01e-77)	(327.0, 226.0)	(1, 13)	(163, 118)	12.0	2.2	108	125	20	MOLECULE: GITR LIGAND	1D4VB	2Q8OB	0.8392857142857143
22	15	(309, 467)	('TN13B_HUMAN/168-284', 'B6DXE3_MOUSE/77-183')	('4ZCH:B', '2HEY:F')	(1.4500000000000001e-77, 2.08e-75)	(238.0, 221.0)	(170, 21)	(286, 127)	12.0	2.4	112	135	13	MOLECULE: TUMOR NECROSIS FACTOR LIGAND SUPERFAMILY MEMBER 4          	4ZCHB	2HEYF	0.0
15	3	(467, 331)	('B6DXE3_MOUSE/77-183', 'Q5F2A4_MOUSE/128-240')	('2HEY:F', '1XU1:D')	(2.08e-75, 1.59e-81)	(221.0, 237.0)	(21, 25)	(127, 137)	11.4	2.5	111	137	13	MOLECULE: TUMOR NECROSIS FACTOR LIGAND SUPERFAMILY MEMBER 1          	2HEYF	1XU1D	0.8395061728395061
26	3	(552, 331)	('4tsva', 'Q5F2A4_MOUSE/128-240')	('5TSW:F', '1XU1:D')	(6.62e-106, 1.59e-81)	(301.0, 237.0)	(2, 25)	(148, 137)	14.3	2.1	121	137	26	MOLECULE: TUMOR NECROSIS FACTOR LIGAND SUPERFAMILY MEMBER 1          	5TSWF	1XU1D	0.8461538461538461
15	12	(467, 232)	('B6DXE3_MOUSE/77-183', 'TNF10_HUMAN/152-280')	('2HEY:F', '1D4V:B')	(2.08e-75, 2.22e-91)	(221.0, 264.0)	(21, 34)	(127, 162)	10.3	2.5	110	163	15	MOLECULE: TNF-RELATED APOPTOSIS INDUCING LIGAND	2HEYF	1D4VB	0.88
18	8	(101, 484)	('Q6FG55_HUMAN/77-205', 'CD70_HUMAN/73-191')	('1TNR:A', '7KX0:C')	(1.66e-91, 1.65e-83)	(263.0, 243.0)	(16, 20)	(144, 138)	15.4	2.0	119	140	24	MOLECULE: CD70 ANTIGEN	1TNRA	7KX0C	0.94
